0.268486792837 -0.720718543303 -0.114211791197
0.217786562451 -0.729203724886 -0.124909663981
0.170098266786 -0.75087454278 -0.125747458519
0.118690809732 -0.760586106332 -0.128793482006
0.0684652306958 -0.774469840874 -0.123199476399
0.0239726995836 -0.79696968864 -0.107203174496
-0.0151659827625 -0.823008459461 -0.0841182739765
-0.0609362711893 -0.837802766081 -0.063347956229
-0.111162235783 -0.837537223987 -0.048422765219
-0.159036528176 -0.838211203924 -0.027206125897
-0.200224300503 -0.84624968755 0.00415708202254
-0.231271623525 -0.861481825446 0.0435955182811
-0.260156544759 -0.873860173755 0.0855928596874
-0.282328720017 -0.887102374096 0.131220124772
-0.306215312764 -0.893231097492 0.177412204043
-0.332237187662 -0.891259388769 0.222854690627
-0.358357608194 -0.882652845142 0.267432837602
-0.38904610866 -0.861360602559 0.304234489817
-0.404858157136 -0.851598359739 0.35367328561
-0.426826183781 -0.826791601638 0.394302917525
-0.446731929524 -0.796888274314 0.432395951914
-0.460510397146 -0.766090153513 0.472515842343
-0.466051735831 -0.738292950445 0.516543302032
-0.46884312068 -0.704608735803 0.556600150838
-0.471112216752 -0.664602784072 0.590440675886
-0.476717925893 -0.616096366139 0.609638753354
-0.48558069362 -0.564465967997 0.612878165493
-0.500603320747 -0.515755168387 0.600704249164
-0.516150957829 -0.471990979957 0.576319332108
-0.533476650448 -0.435325590043 0.543196920231
-0.551725195467 -0.40581276129 0.503913859298
-0.569861928016 -0.378405572758 0.463139483901
-0.583901187814 -0.366796393831 0.414007084152
-0.59260450101 -0.355233450086 0.363518593967
-0.59607834915 -0.341650981864 0.313014532615
-0.598220692555 -0.322421178506 0.264348957777
-0.600153955149 -0.300355083869 0.21688494599
-0.600638455617 -0.278179301052 0.169171687795
-0.599579037731 -0.250322252706 0.124801677971
-0.598350668022 -0.21530982447 0.0856000759887
-0.592493901568 -0.183434208828 0.044348427449
-0.585245839308 -0.148464788712 0.00597678390065
-0.577719418438 -0.105628245514 -0.0232229812524
-0.569347158641 -0.0590368191796 -0.0458190302749
-0.559807321006 -0.0121900008982 -0.0687486670491
-0.549007818647 0.0353727231564 -0.0888013783694
-0.538113638047 0.0853662601869 -0.100387087835
-0.528532157758 0.136517892571 -0.106983723828
-0.519336714588 0.188228728374 -0.108468092471
-0.50573812476 0.238810637669 -0.109985573679
-0.488340987926 0.288184132573 -0.108181294511
-0.471238430068 0.336743668923 -0.0956957909139
-0.449877455502 0.383220776115 -0.0818700442307
-0.423875148288 0.427854193039 -0.0730863272628
-0.393399661166 0.470788232362 -0.0719147022355
-0.361484069721 0.512374272116 -0.069856184725
-0.320831235593 0.547589967562 -0.0778607938088
-0.287764381786 0.585294997798 -0.0608597589266
-0.248849524676 0.620874433142 -0.0509424237341
-0.208618407562 0.653287208721 -0.0414936997003
-0.167662570808 0.684944702204 -0.0322213789781
-0.126553132334 0.715805859379 -0.0199620292408
-0.0838068105696 0.746130473863 -0.0159692208395
-0.0426176617531 0.773576426077 0.00116869059431
-0.00494329315213 0.794687898472 0.0308258442104
0.0223830022422 0.80991478311 0.0728473258526
0.0361623025263 0.817806270342 0.122793861985
0.0437863461828 0.823835678107 0.174341710506
0.0676754247456 0.831425860211 0.220437971374
0.103277282892 0.839583876314 0.258063445634
0.149010484149 0.847974544138 0.282266136205
0.200234996424 0.855684181175 0.290275567982
0.251417267755 0.862350479336 0.281193427824
0.297160288616 0.867163819726 0.256075803471
0.332793232204 0.869511843937 0.217709098414
0.35685919439 0.86877765933 0.1710055222
0.369052627524 0.86486944488 0.119925069092
0.358065517879 0.859668439313 0.0688707805904
0.350065291344 0.849684756679 0.0180927970401
0.354865402743 0.834174010227 -0.0316910625615
0.375013702423 0.814291142309 -0.0757447864278
0.408365051797 0.79204531701 -0.109431971612
0.449872636618 0.768848387543 -0.131463460185
0.491004863483 0.742226819974 -0.149970431328
0.530294362175 0.711856399953 -0.166753152375
0.573073312044 0.682037765447 -0.171716120247
0.612909305798 0.648508764066 -0.178146454829
0.63929053363 0.606654729415 -0.195310644784
0.651128528236 0.562619690911 -0.221061352562
0.647826210964 0.521495204593 -0.253314021081
0.62905566894 0.487526385438 -0.288496395343
0.598958414534 0.46094672474 -0.322118002605
0.559725035922 0.443073284196 -0.351871076955
0.513928623701 0.434535093653 -0.375847505469
0.469975769185 0.415649987621 -0.397177745043
0.433848791376 0.381845987556 -0.4143806555
0.409540578122 0.336843659084 -0.425694241025
0.399781043887 0.285611241142 -0.430582428902
0.402703121184 0.233311808932 -0.428131749036
0.417892591301 0.183453967384 -0.421853812134
0.433834320823 0.13327539819 -0.418409100424
0.451485014338 0.0835776733376 -0.413411452645
0.478040978745 0.0396562478566 -0.402541576961
0.505872792263 -9.32081744767e-05 -0.382087018912
0.53427389424 -0.0394363362826 -0.362088385283
0.548148433444 -0.0842265474932 -0.338581997514
0.561082086686 -0.129352436651 -0.31503578766
0.557725580226 -0.177857711368 -0.294932284801
0.537252195835 -0.223920426017 -0.280347039647
0.52515429934 -0.271574313598 -0.262285952418
0.520276168066 -0.319410056177 -0.240949525903
0.510717278493 -0.366899765684 -0.22078969231
0.490315196418 -0.412411013722 -0.204818962253
0.469683615385 -0.457795527091 -0.188487605859
0.447444633022 -0.502529904474 -0.172253049575
0.430902736938 -0.548509509852 -0.153444603463
0.412723318312 -0.594130316445 -0.134919341297
0.393507252999 -0.639362285706 -0.116582938354
0.358573472611 -0.67720935473 -0.106880823922
0.318410110372 -0.710924207329 -0.101233956139
