-0.302403427881 0.298608697515 0.498664662233
-0.346850928647 0.301604150284 0.471085074684
-0.39117793865 0.306582089295 0.443562388737
-0.432142258391 0.296661736718 0.41247992844
-0.466964247704 0.27395481518 0.380590169837
-0.497408894422 0.245834511956 0.348597299239
-0.524528749852 0.214503182736 0.316577294494
-0.548396245777 0.180461745219 0.284673236283
-0.568467385035 0.143570529299 0.25335453087
-0.591357630535 0.110337280466 0.219949482697
-0.614274688263 0.0774316880847 0.185822556864
-0.645745938738 0.0566834365101 0.14937685569
-0.67563175646 0.0346871086748 0.112418444469
-0.708109899159 0.0180266957611 0.0745810494195
-0.731745313771 -0.0108077188712 0.0373951836628
-0.756912348634 -0.0361366529582 -0.00101610706148
-0.784379280431 -0.0576440336729 -0.0401018242991
-0.811910699052 -0.079248961545 -0.0790500635162
-0.841390376759 -0.0990006577695 -0.117657269752
-0.868932232925 -0.12109530559 -0.156562650238
-0.888309858316 -0.154540787709 -0.192384243496
-0.896171426831 -0.19902426892 -0.219480597643
-0.904369222145 -0.238066005187 -0.253647173556
-0.920297523872 -0.264956840049 -0.29580361959
-0.94322852266 -0.276611981161 -0.341467695969
-0.963567960443 -0.286561260182 -0.388790712478
-0.97293509845 -0.310023423833 -0.434719919923
-0.970589430899 -0.344290494585 -0.474316139167
-0.954695269251 -0.384486898594 -0.503966392593
-0.925814943359 -0.425267542485 -0.520130147097
-0.894317616661 -0.462867771575 -0.539217392941
-0.857243145376 -0.496781095582 -0.553967273595
-0.812567497179 -0.524099036228 -0.554902298514
-0.764980031119 -0.545491832292 -0.550287306719
-0.718268964948 -0.558478965884 -0.530459443245
-0.668596146602 -0.570837826323 -0.519378382881
-0.619576594313 -0.577555764819 -0.502106739728
-0.576631236316 -0.577449899518 -0.472066813804
-0.543496211876 -0.570640463087 -0.43207006157
-0.524076877658 -0.557451577131 -0.385242752563
-0.520239385543 -0.539461065147 -0.33619973635
-0.529586040813 -0.518675075012 -0.289061189808
-0.525557944786 -0.49871199863 -0.240633522024
-0.513585926926 -0.479826810416 -0.193240480283
-0.48652184235 -0.46513042737 -0.150849452276
-0.447008375335 -0.456135215888 -0.117637244079
-0.398909888236 -0.453955842524 -0.0969806117384
-0.347099340462 -0.458837312112 -0.0909405848465
-0.296559776993 -0.467680110414 -0.101515292517
-0.252752361222 -0.478961303908 -0.127924888203
-0.219981551784 -0.490859505944 -0.167050854736
-0.199968347644 -0.501954851297 -0.214221188768
-0.165286011024 -0.504143176141 -0.253426263743
-0.131143618803 -0.501814457019 -0.293194175924
-0.087336491916 -0.490062538451 -0.319446796052
-0.0429798882454 -0.472893670037 -0.341951006008
0.00392439055888 -0.453052349605 -0.354779668441
0.0492680861572 -0.43316661826 -0.371801508343
0.0920372965259 -0.413929465025 -0.395291321008
0.13873593316 -0.392240479617 -0.405001642738
0.185290534011 -0.369291266204 -0.397720857159
0.226470100652 -0.347776604084 -0.373368121179
0.268802735537 -0.326163660519 -0.351202240872
0.315454883366 -0.302695336488 -0.346667437853
0.358255499233 -0.279590784992 -0.32718916095
0.400475583311 -0.255590024474 -0.307539922669
0.445122930618 -0.228217461156 -0.306037464499
0.48847826838 -0.20138429828 -0.318346331847
0.532087841423 -0.172634118409 -0.314382162464
0.575388828954 -0.143081437661 -0.314426379803
0.61808334792 -0.112923403566 -0.317517972234
0.660202477464 -0.081803997352 -0.31867325762
0.700038100409 -0.0503857350067 -0.305564586821
0.73426928948 -0.0214012961931 -0.27851499934
0.772101722722 0.0112368847985 -0.262843976581
0.811622366331 0.0455925017928 -0.262181759811
0.847595503303 0.0809504459828 -0.276215745922
0.883475734298 0.119075062147 -0.276594635063
0.9160131157 0.156966860745 -0.260891689252
0.941495249488 0.192689895044 -0.232319808943
0.959123224671 0.220566648198 -0.191652502642
0.969678484039 0.244987388129 -0.146544000258
0.969980952866 0.257889290499 -0.0958024147625
0.9611340328 0.262000807168 -0.0442539493823
0.957359686378 0.280643878208 0.0046549454535
0.954378426472 0.307144256501 0.0497310014481
0.944295903634 0.325452550004 0.097736010746
0.940900254894 0.357032362453 0.139359050853
0.943860570466 0.399390890348 0.169986531451
0.947400563465 0.446061436913 0.193567334274
0.949189680728 0.494832171621 0.212531483655
0.941873020898 0.541237675285 0.235719698974
0.922888872885 0.580330241934 0.265017786257
0.895468122676 0.606403670365 0.301286880246
0.862859291988 0.618347172292 0.340564625788
0.827980364521 0.616231569981 0.379738367192
0.794091740309 0.596927263914 0.414673736759
0.758075410924 0.586283404928 0.451259862761
0.719158816221 0.591648257057 0.486036428168
0.677365779023 0.597232264062 0.517073525138
0.635100349102 0.586612452302 0.546093670583
0.593232303815 0.566434468854 0.570269862616
0.550631834823 0.543815058291 0.590740065797
0.505123732325 0.524118974593 0.607547028351
0.455459135228 0.52061605527 0.623739470023
0.404751108821 0.523032901251 0.636549279967
0.353678263853 0.513196962933 0.64280582355
0.306490418951 0.490425080882 0.644615905366
0.257571751805 0.471819026841 0.646215130347
0.207162502402 0.457684801851 0.647419413707
0.154790920968 0.456339415835 0.646622406494
0.102668952682 0.456114591167 0.641466270724
0.0518516806599 0.447358335486 0.63232587875
0.00533841849662 0.426477242965 0.620382882538
-0.0355695896572 0.396865765011 0.606491099607
-0.0741051562853 0.364714245764 0.591502501927
-0.11593503314 0.337347826385 0.575855813922
-0.162547686883 0.318859032915 0.560732581471
-0.207873531986 0.299526830279 0.542958315119
-0.256592783396 0.296387175805 0.523993000114
