-0.09245046918 -0.696645471711 0.188200007691
-0.121028477063 -0.716462421173 0.148995386236
-0.147342882701 -0.736004484934 0.10773627
-0.17646094382 -0.760869060679 0.0719006482294
-0.193584872581 -0.776969188221 0.0250550934553
-0.19783067068 -0.782783183357 -0.0268187339169
-0.191925637805 -0.781589593269 -0.0788361631172
-0.20051918658 -0.787598518003 -0.130140642264
-0.224934609771 -0.797631153231 -0.175383057103
-0.262947821203 -0.809662760643 -0.209363217232
-0.296193535433 -0.815610079571 -0.249430246909
-0.316944045212 -0.814039642301 -0.297535228873
-0.324510862348 -0.806309542651 -0.348795091255
-0.32079220261 -0.793551759044 -0.399507710842
-0.302103311161 -0.775361366652 -0.444969108333
-0.277993493677 -0.754844986059 -0.486751917584
-0.248407417993 -0.728728563014 -0.521257293556
-0.213025141975 -0.701305302775 -0.548485512552
-0.168596241285 -0.677573078911 -0.562927124804
-0.135091140369 -0.651335823454 -0.593494675055
-0.106469495284 -0.621519517981 -0.625668144495
-0.0844367189668 -0.588714298597 -0.660010667835
-0.0733413283817 -0.554561351994 -0.69810853795
-0.0757466700911 -0.52164506144 -0.738758557157
-0.090556165835 -0.491556272408 -0.778969109676
-0.103015190283 -0.455947507591 -0.815275395743
-0.122969482621 -0.421310379813 -0.849098213017
-0.154759934535 -0.392781608718 -0.879389934195
-0.180331699713 -0.355473481651 -0.905775905853
-0.194134607228 -0.30917757342 -0.925965914508
-0.201190016368 -0.259189189151 -0.940035903024
-0.20669770426 -0.20791148222 -0.949280882607
-0.200038320645 -0.155988439906 -0.950402738463
-0.17994655273 -0.108295735561 -0.942378070971
-0.153018777083 -0.064949388343 -0.930454094151
-0.134396388824 -0.0170340018808 -0.919543517494
-0.118951176413 0.0318505900196 -0.908843620916
-0.103737827092 0.0806027487281 -0.897192128556
-0.0848680608952 0.127426817811 -0.883244623986
-0.0615087401919 0.171344290653 -0.866860554203
-0.0381246957728 0.214916591567 -0.849558452355
-0.0182869811465 0.26005222021 -0.831704687009
-0.00834150660131 0.308330582143 -0.813102621164
-0.000907215771061 0.35648689188 -0.793903284074
0.00627880983235 0.404042227209 -0.772767276365
0.00759588032128 0.45152308913 -0.750630767726
0.0092752924321 0.4979555861 -0.726429493037
0.0155203803842 0.54177159766 -0.698422199072
0.0230287991601 0.584170022737 -0.668601322028
0.0368790906853 0.622923496454 -0.636204005494
0.0510637771913 0.66074642367 -0.602844289372
0.0614874338693 0.699158786826 -0.568703453544
0.0634994695646 0.740175906205 -0.535598370242
0.0667318784939 0.779362319766 -0.500775831043
0.0668474043773 0.816912116784 -0.463836977438
0.0753832450427 0.847537631252 -0.421811888872
0.0905819393117 0.869599592972 -0.376820786531
0.105244955809 0.887384499319 -0.329737707557
0.125581247813 0.895964992013 -0.282249181099
0.153804985788 0.892546244575 -0.238269672364
0.1862115938 0.878521888978 -0.199521239034
0.219478847559 0.857392099946 -0.165011186675
0.250531996904 0.832452050614 -0.130908393472
0.281473398274 0.799794570745 -0.104064338124
0.307363502068 0.766541592137 -0.0728659741098
0.32968530895 0.733623959606 -0.0387314079795
0.351226412943 0.700205231395 -0.00415239497889
0.367308421982 0.672792127066 0.0374701028063
0.383052712304 0.644411376018 0.078594145679
0.393864405957 0.621911433538 0.124628500671
0.395814973517 0.611935201515 0.176024904214
0.396032010274 0.599254114508 0.227116960731
0.395311190478 0.579665385803 0.275690701447
0.385551771481 0.566649132922 0.325474499345
0.369911604175 0.559322035852 0.37504376554
0.349450428805 0.551602096077 0.422800206001
0.320132238148 0.556043844859 0.465977763308
0.29006488312 0.554451313446 0.509081849717
0.260409855728 0.545944476673 0.551530315156
0.227823980653 0.544261716096 0.592542081598
0.197528194323 0.536230846899 0.634549710091
0.174707707454 0.513946460729 0.676089680209
0.161372749292 0.479045946212 0.712778592801
0.155631615966 0.434488791886 0.739688354514
0.140895867744 0.392647978425 0.767557108464
0.113866962297 0.360990222937 0.799483319639
0.0807033844716 0.334337243409 0.830464587504
0.0400968284817 0.323482188304 0.86221042728
-0.00346964012793 0.328034088109 0.891243837795
-0.04396481137 0.315113622338 0.921911805647
-0.0782013549181 0.286633498494 0.949487898966
-0.104056842012 0.245394500729 0.968856302703
-0.122218038624 0.197057120114 0.979164428919
-0.127089852455 0.144345886615 0.983364484973
-0.10012641646 0.0998125804866 0.971285438391
-0.0660086480027 0.0635850553297 0.953617334572
-0.0377388879021 0.0229658034269 0.936336890703
-0.0178555110937 -0.02336439268 0.921995038696
-0.0116466796603 -0.0747674137889 0.913740512646
-0.0160237104644 -0.127053216147 0.910262732593
-0.0231377622312 -0.178957384275 0.909006242669
-0.0215385345178 -0.230806063791 0.901538718982
-0.0292727636156 -0.283069739145 0.895653823395
-0.045135075256 -0.332685104109 0.889396204835
-0.0577307535542 -0.381721594307 0.876020865533
-0.0597720088713 -0.427699011055 0.850962871697
-0.0499997201233 -0.465528234397 0.816039866728
-0.030550116287 -0.492416644359 0.775429041382
-0.00715529421011 -0.510022265436 0.731927302608
0.00209594568753 -0.533068810114 0.685641192224
-0.00522451703301 -0.561530663096 0.642005525288
-0.0283653038457 -0.591255889388 0.605551292814
-0.0461034998722 -0.614288460123 0.561997320379
-0.0520412207904 -0.627698965481 0.511734234957
-0.0435136175326 -0.63200098625 0.460254335385
-0.0221178302029 -0.627266979248 0.412700202433
-0.0115004843639 -0.628011024202 0.361436780832
-0.0161586064028 -0.63648948053 0.309978753124
-0.0349826221051 -0.652567065862 0.263834555002
-0.0652450388267 -0.674472089808 0.227118619757
