0.590388393065 0.563136490996 0.446680847104
0.592102078324 0.517664484996 0.472631990366
0.586190613717 0.475896367412 0.503682953143
0.570913816309 0.440622160798 0.539290363464
0.550859343821 0.406787345772 0.57397800703
0.538468994085 0.362651216298 0.59958032544
0.534128163265 0.31261287723 0.614978874662
0.53610340718 0.260189307062 0.612912739177
0.543431063736 0.212041344885 0.593336739789
0.536783393679 0.161301365468 0.582236934999
0.522079856089 0.111595946764 0.574864840099
0.508327576499 0.0642396617382 0.557236692597
0.50142361322 0.0222057078625 0.526574729335
0.489121033525 -0.0218147519077 0.501001207065
0.466789834497 -0.0674675738189 0.488372790618
0.437459690826 -0.110803290791 0.490290017357
0.40389244943 -0.147761547136 0.506075953238
0.369046929593 -0.181168994734 0.526351915409
0.337381988582 -0.222384877958 0.532741145596
0.306110742659 -0.264241795384 0.537990526987
0.281360249185 -0.309473173722 0.528463412152
0.25889915012 -0.354703656396 0.514574633704
0.22998529321 -0.398329408815 0.510803592926
0.199004535067 -0.44066295382 0.50964913361
0.169320413146 -0.483517013576 0.504638639969
0.138676455992 -0.525630943898 0.499199901916
0.112864549214 -0.568440692292 0.483475488562
0.095845806974 -0.609055878015 0.454720554637
0.0751336245841 -0.649876065188 0.429226426693
0.061453152312 -0.687293647841 0.395241284987
0.0514400865728 -0.722237078085 0.357529453846
0.040390870174 -0.75682630553 0.31980004924
0.0178414393158 -0.795481003431 0.292602757764
-0.0130833018455 -0.834637260948 0.276469372877
-0.0445501249304 -0.872924590589 0.259450651251
-0.0661369034534 -0.909266964457 0.228460221987
-0.0889789873797 -0.941701865129 0.194276152828
-0.124243000396 -0.972775510877 0.17118045747
-0.157718679936 -0.997386120645 0.139061913672
-0.186796636188 -1.01515233189 0.0992832917462
-0.209063284019 -1.02595198623 0.0531243635329
-0.228264657963 -1.03023781508 0.00456585497209
-0.2627884701 -1.03482125897 -0.0345625511909
-0.287984304798 -1.03041576423 -0.0802793950635
-0.299245089816 -1.01656745142 -0.129534234018
-0.296099527256 -0.994827127153 -0.177126144767
-0.280942768837 -0.96597225367 -0.218329003741
-0.278584218285 -0.932027374 -0.25831561624
-0.29438996459 -0.89568817917 -0.292763123976
-0.323328534143 -0.859890689316 -0.318004529519
-0.365351463978 -0.830761557264 -0.33041090126
-0.41510397154 -0.812797831336 -0.329350545401
-0.465817397375 -0.798577609658 -0.322050227831
-0.51605730845 -0.783488328748 -0.321767765173
-0.562726269655 -0.759212730952 -0.320591900754
-0.605884063579 -0.729495492873 -0.319675550535
-0.645383739479 -0.695159741087 -0.321912716244
-0.679242148337 -0.655523408411 -0.327062882495
-0.698901827321 -0.607492695299 -0.334265614755
-0.700659947282 -0.555650503183 -0.341864143306
-0.684843511065 -0.506065517793 -0.348246784527
-0.680029113572 -0.453894274962 -0.34963477553
-0.69126154206 -0.402830860311 -0.346363101899
-0.716289955735 -0.35718011427 -0.340540450443
-0.727991034999 -0.306127667596 -0.337252930009
-0.746996108718 -0.257637716045 -0.33172133862
-0.764613588473 -0.208700793918 -0.325520050646
-0.766234978106 -0.156443328424 -0.322435951734
-0.751890319386 -0.106081057712 -0.322998013439
-0.720464132585 -0.0643375029064 -0.327677263543
-0.6917372424 -0.0207422053089 -0.331994181973
-0.654440872562 0.014997583569 -0.340762815406
-0.62165732975 0.0553219992229 -0.347368088928
-0.586586400263 0.0933356762205 -0.355771728337
-0.54095624145 0.116121146729 -0.367741201116
-0.502268616226 0.150532470183 -0.376105904566
-0.456394045273 0.173226547442 -0.387372472582
-0.419184753665 0.209507897884 -0.394245051573
-0.377882849627 0.240884806084 -0.401659596715
-0.33194079619 0.264566331424 -0.410974717826
-0.292729398597 0.298585214905 -0.418097438728
-0.250242354 0.32803335786 -0.426769522316
-0.200798788032 0.341446529797 -0.437869912439
-0.157717421575 0.370393207776 -0.444970259512
-0.126362422186 0.412297194571 -0.447007770706
-0.109973457234 0.461975472389 -0.444365941149
-0.0975860727487 0.512753429576 -0.441143538236
-0.074450916929 0.559878320953 -0.439614310744
-0.0449883390432 0.603453243683 -0.440327438643
-0.00173865708583 0.632821694371 -0.445439848455
0.0487570046661 0.64664617465 -0.448822256361
0.101089875186 0.643343732075 -0.44957821676
0.151741746758 0.654922267392 -0.442989889288
0.201691432149 0.665876636192 -0.431619732455
0.249487375583 0.67960819938 -0.415104009015
0.288130703092 0.707193595453 -0.392915338677
0.31360706404 0.745099389413 -0.367192953125
0.323261826464 0.789299619831 -0.340707797581
0.31571187976 0.834964039917 -0.31608412359
0.292015881681 0.877261631552 -0.296189341864
0.277761677869 0.917129331186 -0.26525475682
0.272758246971 0.952380864453 -0.22685379186
0.281331201459 0.979749070586 -0.183043761021
0.302107310921 0.996760080894 -0.138090084504
0.329468064118 1.0045613786 -0.0940509012396
0.346161804476 1.01443034698 -0.044900402849
0.358650742786 1.02128016369 0.00563001328384
0.378505431912 1.01822725628 0.0540557533954
0.40504103826 1.00511500242 0.0973868532098
0.43775697414 0.981784812816 0.131315917076
0.469361019816 0.952958237649 0.161727640032
0.500652968368 0.919051962539 0.186615955113
0.532231537061 0.879931305492 0.201376838109
0.558578080797 0.838718683163 0.220249394813
0.579128120435 0.796696104253 0.243920847076
0.587515104863 0.758794700317 0.27911849834
0.584317166283 0.728182056519 0.321516885044
0.579585953698 0.694077133341 0.361056898461
0.581623033723 0.652720396878 0.393100786083
0.586328975165 0.607775558339 0.419577119767
