-0.531571014367 -0.475925928731 0.189855697414
-0.504906056628 -0.519758470926 0.179248325889
-0.471667121749 -0.552125690396 0.154756766261
-0.437019418164 -0.573110129271 0.121427046138
-0.40466393856 -0.609354220721 0.101212631413
-0.369601077039 -0.642557686145 0.0785063746781
-0.337670687941 -0.682111515036 0.0647756137712
-0.301213183028 -0.711831676656 0.0413752899509
-0.263021740569 -0.731670573602 0.0114422516992
-0.224941584756 -0.74134351514 -0.0234088283152
-0.189930965708 -0.737644911989 -0.0622297040734
-0.15127108148 -0.743611651304 -0.0971695632827
-0.110833578673 -0.765007846077 -0.122676220525
-0.0705736749255 -0.772066298494 -0.155417217747
-0.0324036484309 -0.761810940261 -0.189774365844
-0.001596145196 -0.73509424732 -0.22271683672
0.0362171559853 -0.717591345706 -0.254460592572
0.0808653354832 -0.715794467604 -0.281751399299
0.127196423484 -0.729449501313 -0.301961837084
0.170433478653 -0.756651088137 -0.313454141573
0.206200913971 -0.794780291077 -0.316325415018
0.232759543196 -0.839569406278 -0.310760458647
0.253007763259 -0.886567272548 -0.299677719849
0.279804314874 -0.930898432511 -0.292035293219
0.31789692135 -0.966821210244 -0.292895963293
0.364394180155 -0.990228617301 -0.298661552646
0.415105534696 -0.997830092065 -0.30930813245
0.464672164304 -0.988976809152 -0.323709143287
0.508759183176 -0.965575027575 -0.339572212301
0.542197046775 -0.92870480573 -0.355852264375
0.561897494441 -0.882543595652 -0.370842298375
0.576142841852 -0.833111371658 -0.381099440034
0.589324902268 -0.782305039773 -0.386163909785
0.600807796672 -0.731124474023 -0.386509286486
0.597264776816 -0.678878648784 -0.384170155959
0.594446978102 -0.626595997568 -0.380966448237
0.607908266357 -0.576021631423 -0.375508438815
0.625692058865 -0.527120114956 -0.369124840293
0.651185613657 -0.482039429776 -0.361413346039
0.674424386506 -0.435857123974 -0.352781117391
0.697856081173 -0.38999843383 -0.343280545755
0.708287877194 -0.339547123154 -0.333548813665
0.728341677558 -0.292369964479 -0.322761967513
0.752153089159 -0.247633769395 -0.309065492626
0.786491993259 -0.212193407308 -0.291200544276
0.807534153031 -0.168832885661 -0.27062842877
0.815496190826 -0.120501439484 -0.252062049149
0.825090012274 -0.072525510412 -0.233322232548
0.836832107836 -0.025321299658 -0.213842980373
0.847074525473 0.0219316693332 -0.193743708512
0.84168917136 0.0711121184508 -0.176613143336
0.82055181334 0.117343798233 -0.164083619401
0.785824432729 0.155986532721 -0.157561083076
0.744283782316 0.187818727103 -0.154547603049
0.70615297853 0.223173971404 -0.148057723274
0.658613588041 0.24522826334 -0.149486221972
0.617351959441 0.277205345747 -0.144342577545
0.582684080551 0.315730704348 -0.136195356562
0.549019335841 0.354589970782 -0.125803904135
0.504038590898 0.381197190014 -0.122624539507
0.453356748095 0.393950195312 -0.126300073252
0.402020172266 0.402472260176 -0.132625174521
0.354897535385 0.42516036554 -0.129689126177
0.316520349695 0.45746029871 -0.114545500924
0.291103850351 0.49738675268 -0.0919980264701
0.281320099013 0.541822610197 -0.0659727506254
0.278939190011 0.586498161748 -0.0385971963002
0.291919127057 0.628151374897 -0.00954931957282
0.290949919724 0.671082587186 0.0204356169302
0.273722655564 0.711940150949 0.0482894345987
0.243727286691 0.747376582655 0.0725025425339
0.201224669821 0.773471425075 0.0886117319469
0.150757918289 0.786420005953 0.0951555486073
0.103850111677 0.806053163922 0.107884799046
0.0663372977368 0.836567709513 0.128181340107
0.0447900848238 0.87095601894 0.161424356725
0.0308850137168 0.905381988435 0.199330644134
0.00201125179124 0.93548063872 0.231386707202
-0.0396253018254 0.956592437874 0.255416301452
-0.0890873496525 0.967435364048 0.269616658804
-0.139870300772 0.975871210215 0.281194649694
-0.187699872163 0.98947073513 0.297923222501
-0.232475164659 1.00389596475 0.320914944864
-0.281187234588 1.00712596118 0.339874805287
-0.331201791707 1.00045212753 0.353962600782
-0.379810583938 0.981486293479 0.35920496025
-0.426896023775 0.958348891303 0.361177319859
-0.467126866612 0.926775783205 0.349492260361
-0.500311890259 0.89161845702 0.328827063874
-0.539721122689 0.859937266142 0.314373154285
-0.56487832368 0.821271912095 0.28945059518
-0.57800372085 0.775668899968 0.266684179376
-0.574318301195 0.733398102838 0.235839815331
-0.570300524832 0.689110893833 0.207884233805
-0.577194839276 0.639904174396 0.19107979672
-0.594938783689 0.590737626367 0.187251538236
-0.619741592193 0.544692880648 0.191490911646
-0.655543993914 0.508639428737 0.204657655909
-0.69146038711 0.473888304063 0.220307123866
-0.719076867707 0.431165288523 0.233239964669
-0.737283506904 0.382076893138 0.235282773762
-0.757221076458 0.334246944728 0.243935596468
-0.781885985596 0.290813103287 0.260125179408
-0.806107537353 0.255204537519 0.290506947044
-0.820928107655 0.207384725876 0.306615901682
-0.820015196812 0.154953991313 0.313047122897
-0.823152346833 0.105390439194 0.33195771602
-0.826510624336 0.0604364542654 0.358786848918
-0.819090900063 0.0115389415165 0.376309604608
-0.803856280742 -0.038576185373 0.378673989662
-0.78330709735 -0.0861463327971 0.370550091925
-0.757654890837 -0.127254786519 0.350617158903
-0.729269778051 -0.158583593527 0.319696331025
-0.698682359013 -0.177228142503 0.281501494158
-0.668167156998 -0.2055723269 0.249755373149
-0.64029738845 -0.244419000867 0.228395122118
-0.614152672604 -0.285963335341 0.209951943285
-0.591775888987 -0.332713990806 0.201023356241
-0.573460679184 -0.381768902537 0.200033937078
-0.556130568908 -0.431273088816 0.202014882276
