0.57807817537 0.574306350919 -0.0981217436028
0.536412283529 0.577539804343 -0.129688444705
0.496373530442 0.591990360987 -0.160344562513
0.454963592303 0.602497968046 -0.190632026614
0.411605201739 0.599481320584 -0.219847535806
0.369767832877 0.579260099153 -0.244139764674
0.325109301904 0.573424336534 -0.270837393831
0.280277623556 0.577059689271 -0.297642171962
0.235021825618 0.566775661407 -0.322036198695
0.188137405002 0.571403044234 -0.344907463729
0.143332097235 0.59058678811 -0.364049760506
0.104702563585 0.623355661292 -0.377327071329
0.074945343082 0.665970753828 -0.383756592587
0.0408875788507 0.705643802635 -0.386735969845
0.00053003398147 0.739025003324 -0.385886653847
-0.047946354008 0.758576426013 -0.382245655122
-0.0992145950713 0.767546781149 -0.375779902231
-0.150659401548 0.770157619756 -0.365655249211
-0.20187748713 0.773909886292 -0.355355545358
-0.252404562359 0.781273264852 -0.343551216969
-0.303407082411 0.784778564183 -0.332130125323
-0.353596906868 0.775002068288 -0.320858070277
-0.398478633158 0.750423358685 -0.309748661732
-0.438738651899 0.718443854069 -0.299412001143
-0.4800564702 0.688157399154 -0.288172907254
-0.510760323331 0.646079830853 -0.282702915263
-0.534878723588 0.599672658939 -0.279800042773
-0.56445585094 0.556349952945 -0.276909856644
-0.596319754406 0.515780220512 -0.266666053212
-0.618304760014 0.469231356685 -0.256909082914
-0.626702399921 0.418072863495 -0.249224302097
-0.620350179714 0.366067234895 -0.249612789452
-0.605364160829 0.316072127297 -0.254404416176
-0.583830292791 0.269160643916 -0.263488327558
-0.567512723569 0.219794347875 -0.269701696289
-0.564060772485 0.167630617492 -0.266735814997
-0.574506592979 0.117681637909 -0.255001692449
-0.596615451042 0.0739895987426 -0.236409546755
-0.621239930876 0.0325914826224 -0.215767711539
-0.651594425131 -0.00178458003656 -0.190095822236
-0.678399928632 -0.0390631445049 -0.16492098039
-0.699273131597 -0.080916580362 -0.141376387752
-0.719640644305 -0.122670182312 -0.117026479775
-0.744632771992 -0.15969874727 -0.0895398224624
-0.77133229936 -0.194240077956 -0.0606347065478
-0.798701700548 -0.227264832349 -0.0304694334448
-0.822896879608 -0.263108127342 -0.000694088681742
-0.844826525156 -0.300326575026 0.0291799769009
-0.860154648793 -0.342690910765 0.0560302784672
-0.864562798387 -0.390605581913 0.0768755306029
-0.871452972533 -0.437471863404 0.0992606188271
-0.877679698094 -0.484487914799 0.12161126994
-0.895323722683 -0.522143236434 0.153563405998
-0.902693302931 -0.563346552524 0.185169480188
-0.892959190855 -0.607973477184 0.210928430137
-0.867479272465 -0.651126568679 0.226198619202
-0.832747120946 -0.690273364835 0.228452744047
-0.79180753079 -0.721136101208 0.217707243206
-0.748136894979 -0.739871000995 0.195640800751
-0.706563723384 -0.743153813984 0.163815496483
-0.674246988305 -0.727950266051 0.124812334062
-0.632567891884 -0.726896413449 0.0930295573064
-0.584310766883 -0.736954165144 0.0748134663848
-0.534681683239 -0.752628778781 0.0669871966575
-0.485336555244 -0.770594577423 0.0673277365685
-0.436437346092 -0.788279409215 0.0738508066193
-0.389551991507 -0.809074675083 0.0846232678908
-0.345715448181 -0.832261738547 0.101571940366
-0.296624939934 -0.845572858059 0.114170232227
-0.245124762253 -0.848760192765 0.123526573571
-0.194522315253 -0.849340401061 0.137126650914
-0.144660149767 -0.846078686434 0.152909126497
-0.0954764893961 -0.828982402275 0.158721723074
-0.0481011430132 -0.80666920609 0.159117345253
-0.00723519933414 -0.776197700864 0.147105130275
0.0321840730378 -0.744583837741 0.133321933296
0.0712008936939 -0.712230175025 0.120150098549
0.116441208842 -0.685735570982 0.119518475104
0.162163808984 -0.660361616371 0.122347559311
0.205278803398 -0.630679935651 0.119862491155
0.251785510923 -0.608009955449 0.128778944931
0.29831176108 -0.589241177562 0.143794244909
0.342817715345 -0.580515397723 0.169963935677
0.380151649488 -0.582581264353 0.20665714517
0.422831069539 -0.572216676229 0.235172654538
0.466916569651 -0.549925212541 0.252520776491
0.508229777299 -0.518101444967 0.25717530903
0.549680616878 -0.486502941828 0.263673452553
0.591892661618 -0.458629994005 0.277276309689
0.630131474357 -0.424297467978 0.287826260823
0.665997001032 -0.38726054541 0.296986033353
0.699095401385 -0.346758761237 0.29954399169
0.722610203312 -0.30062194234 0.291514827787
0.733635311037 -0.25179067394 0.276022441082
0.732207092204 -0.207369136046 0.24815576409
0.740282846229 -0.159179249726 0.229212963022
0.755434461927 -0.109154504828 0.225626834705
0.7686978966 -0.058648895763 0.221487201692
0.778610546593 -0.00777699190479 0.213977559138
0.783700514609 0.0425028190126 0.200293067319
0.791968408794 0.0938717257714 0.193693510778
0.801008098199 0.145402090472 0.190428787939
0.804215107971 0.196718496386 0.180474682105
0.816560910905 0.247442557063 0.184759259536
0.836364938683 0.292512398209 0.202690378148
0.860676065436 0.327842383859 0.23274488939
0.879677864331 0.371009320866 0.255530341633
0.893872426124 0.420775510801 0.263591767534
0.902662273114 0.472383944364 0.264840684524
0.901458703818 0.523336545531 0.252744318504
0.892199811726 0.569383739238 0.229513204556
0.876187476951 0.608815652733 0.198846878605
0.859181883714 0.645904619613 0.165719023402
0.835118805976 0.668323380976 0.124740222979
0.802053301344 0.675251561405 0.084614983348
0.765084539832 0.66586829638 0.0485399498838
0.730592841495 0.641318408204 0.0175969675575
0.695489148771 0.611114360723 -0.00700827658858
0.655871635483 0.595848136731 -0.0376794565606
0.61805741379 0.571377685102 -0.0644147165185
