0.718483771594 0.269575034036 -0.570756376044
0.722216226127 0.218159692848 -0.580038874441
0.717703608042 0.167889363414 -0.594435376776
0.717215849788 0.115198353456 -0.591963567385
0.718301566411 0.0646711180546 -0.577417196875
0.71340096669 0.0140322614104 -0.5645128305
0.699424684132 -0.0361393283435 -0.558852377154
0.686572748095 -0.0838106833055 -0.54132562123
0.671045687084 -0.129028152276 -0.519566565347
0.654904581135 -0.170154914596 -0.491443258133
0.63052196832 -0.213421149352 -0.474859976379
0.59936853911 -0.255504704272 -0.474234608829
0.565758144329 -0.294374132981 -0.48430865606
0.535383266347 -0.336413903129 -0.477058012365
0.511491647335 -0.376916766568 -0.454025255685
0.494582942205 -0.409823648132 -0.41696770676
0.486228421342 -0.430787005613 -0.369701451185
0.474875521449 -0.447503005659 -0.321278932475
0.453206885259 -0.471068009306 -0.279810359402
0.438279545505 -0.487429925461 -0.232320779121
0.43295677059 -0.490218145818 -0.180271094432
0.434175270176 -0.486656102722 -0.127999044416
0.445383971568 -0.469480767626 -0.0797755529884
0.45656911416 -0.447843926829 -0.0334167190719
0.453910483864 -0.436486754605 0.0176365151506
0.438364230221 -0.436395707986 0.0676402979008
0.432666035647 -0.425581614589 0.118548715662
0.438853644153 -0.403520762717 0.16562421585
0.434063392323 -0.389793402557 0.215927667952
0.440939725189 -0.365447167143 0.261769823255
0.443949682849 -0.343331542389 0.309183589236
0.437349083735 -0.331365220738 0.359743368173
0.441124528412 -0.306042605497 0.405438088625
0.43471179812 -0.289366241095 0.454731321045
0.41514659352 -0.282767186201 0.502853271392
0.388919741 -0.283090451037 0.548183963064
0.356842219285 -0.290363859474 0.588936370916
0.318554003374 -0.308333201739 0.619838807436
0.277668170797 -0.334715753416 0.63930313582
0.236207281418 -0.363127920172 0.654337946074
0.194786311345 -0.393960168535 0.663436596083
0.15219759727 -0.417891560798 0.682326972161
0.111944129181 -0.430766064029 0.713256688111
0.0780787982612 -0.431283654163 0.753194696107
0.0539759976296 -0.419554756487 0.798204661616
0.0319872101079 -0.39844893678 0.840792121555
-0.00301563728912 -0.385385868225 0.877476815259
-0.0479269285425 -0.381975607893 0.904172814301
-0.0980373587448 -0.388283084505 0.917974993666
-0.148613190193 -0.401865740488 0.918713097561
-0.198777856741 -0.41565732053 0.912603005654
-0.251127011664 -0.416661478721 0.912785086163
-0.30131179161 -0.403560437319 0.919949284429
-0.352663984373 -0.393497925096 0.918135207152
-0.4009554318 -0.373248343838 0.919180277432
-0.446423662208 -0.347228045302 0.919768242486
-0.491133605377 -0.320233910651 0.914473170698
-0.536800886341 -0.299454424575 0.898618121831
-0.579934594827 -0.274654184933 0.882107480698
-0.619625795109 -0.250396807308 0.857794151462
-0.655475307355 -0.225820513963 0.828567522971
-0.687422015882 -0.202926834185 0.793924065392
-0.713319115678 -0.166308727627 0.766892898938
-0.733190686434 -0.124994938982 0.741590107305
-0.750056628551 -0.0887101923629 0.707733813715
-0.761263061388 -0.0479939611933 0.676693892042
-0.763747626424 -0.00214619219816 0.651494252574
-0.761953118129 0.0373266777231 0.617058916504
-0.756115839805 0.0723158770257 0.578472736629
-0.748125053044 0.0926056753373 0.53075609679
-0.737331186073 0.112714273625 0.483364975363
-0.730564780278 0.119215293937 0.431578072917
-0.724657626323 0.121667823908 0.379432612428
-0.716752301555 0.12831328358 0.328082517238
-0.70364219288 0.148428284178 0.281442122213
-0.693803324761 0.15907424664 0.231101772438
-0.679003728688 0.182469204953 0.186620402011
-0.664238031406 0.204460472426 0.141420878163
-0.652967696954 0.214234545647 0.0910433357826
-0.638029804562 0.235557745661 0.0456063673519
-0.622586509227 0.25756276601 0.000565558524533
-0.604111163332 0.289652159945 -0.0364939877382
-0.588298047997 0.309666602951 -0.0824057943926
-0.574876110588 0.319544226563 -0.1320606612
-0.56149402007 0.326168789959 -0.182291704533
-0.545704846423 0.337943055699 -0.230812455131
-0.526395908727 0.358214765843 -0.275075939423
-0.50731231672 0.375449075656 -0.320710225237
-0.485381498121 0.399612968864 -0.361701592373
-0.458793914981 0.433710766508 -0.392203328185
-0.430524540165 0.457965777136 -0.429334411592
-0.406008247072 0.468006998404 -0.474824072132
-0.387100043789 0.460168523225 -0.523592060939
-0.363243993536 0.451322831031 -0.569655029562
-0.339159603053 0.434635121105 -0.613105699267
-0.316137242259 0.416527100628 -0.656676563746
-0.289520301822 0.398954700386 -0.698201821645
-0.253627541775 0.391494472864 -0.735617470162
-0.211399082973 0.393305593375 -0.766523815662
-0.165590602579 0.403971977825 -0.789627087442
-0.119846675099 0.427186421531 -0.800205297366
-0.075299122215 0.454662302834 -0.802408415421
-0.0289339834316 0.479034522743 -0.80133849707
0.0147226589217 0.50697371566 -0.792697708082
0.0597271309418 0.531312504597 -0.781417459072
0.106294948228 0.551337339174 -0.768089138284
0.151873888957 0.569852958098 -0.750020240817
0.20290528933 0.573388986456 -0.73879376718
0.254145120539 0.562735900286 -0.736201330723
0.30481052546 0.550457795921 -0.730598534105
0.354832254914 0.535212650493 -0.726864152377
0.404252195698 0.517793965156 -0.724103535551
0.455016490958 0.506380914458 -0.714467402265
0.503353612511 0.487359926328 -0.70699686371
0.544783079516 0.460747703576 -0.688794877616
0.583900121768 0.442378940507 -0.65913304547
0.620988754234 0.425812014257 -0.625882545371
0.656870971606 0.399399653259 -0.59831072182
0.688228264932 0.364877192999 -0.574299786037
0.712354513936 0.320520433854 -0.560226267518
