-0.23053228367 0.687096282135 -0.105395176081
-0.280991739764 0.700911278733 -0.108245443979
-0.329479339206 0.720029264353 -0.102818142347
-0.379916575235 0.732075513654 -0.110339034708
-0.428575351178 0.735802107288 -0.129340420376
-0.47235541332 0.730804274053 -0.157803265259
-0.51710224642 0.723234837712 -0.184099516941
-0.560065925397 0.707749240562 -0.20987500062
-0.60657626241 0.697564148404 -0.231952847009
-0.650364957522 0.684418950955 -0.257645597148
-0.682233212487 0.658256260096 -0.28997934709
-0.699726746949 0.622103553146 -0.323772905441
-0.713324999171 0.582576212158 -0.355472488538
-0.741110519564 0.548559222215 -0.384022981307
-0.76399109817 0.512806786747 -0.414727519938
-0.77698265843 0.471468386037 -0.444174940162
-0.77895552627 0.424880657102 -0.468061568151
-0.77353180468 0.375955925828 -0.486724491514
-0.765954013386 0.325581754326 -0.499230686897
-0.77118581825 0.274442692962 -0.509842137401
-0.777224867075 0.223286097138 -0.519558644425
-0.766465290721 0.172375314301 -0.526540648214
-0.751256386331 0.121984713763 -0.528137484044
-0.724355350163 0.0768816566665 -0.52979226323
-0.689330607547 0.0378275359345 -0.53009954544
-0.649994926817 0.00303111734205 -0.529530645468
-0.603511747775 -0.0216233231431 -0.528865012716
-0.560994861786 -0.0522378553105 -0.527845518708
-0.529044620394 -0.0937455461692 -0.527570031759
-0.511855255364 -0.14323944253 -0.527316401166
-0.507114841145 -0.195387644776 -0.526786582138
-0.514356917162 -0.247243573191 -0.526680562292
-0.530806436983 -0.296948176676 -0.5263551905
-0.545259677412 -0.347298816883 -0.525306381687
-0.571436714352 -0.39286037633 -0.525971372725
-0.60531160348 -0.432820641011 -0.526490082922
-0.63558972903 -0.475286872172 -0.521896286911
-0.650807868797 -0.524386939756 -0.511936490902
-0.648986679888 -0.574529545902 -0.496939838536
-0.630257540548 -0.620016916041 -0.478976121994
-0.59682495933 -0.656945447681 -0.46283417126
-0.552463993989 -0.681954606595 -0.450647042203
-0.501323991838 -0.691274284276 -0.444327312798
-0.449271365654 -0.685125155 -0.444090266915
-0.400257867692 -0.666634071316 -0.448796486971
-0.347764694661 -0.664276192724 -0.446571727652
-0.297255501571 -0.676551416027 -0.439101416835
-0.245902047934 -0.6854101467 -0.433843947207
-0.19354361231 -0.687924977719 -0.430934562089
-0.141522525907 -0.689337354266 -0.425160546548
-0.0920426657835 -0.696395741177 -0.409350269449
-0.0435458228418 -0.69588768468 -0.389320757308
0.00329528483234 -0.684794737681 -0.368689540674
0.0451358946971 -0.65703207917 -0.353801791907
0.080988636561 -0.620211027187 -0.343630654718
0.119445572885 -0.592441605091 -0.321465790644
0.15394835789 -0.561271426025 -0.297395585083
0.186941887468 -0.529363081978 -0.272176381192
0.219374507306 -0.507669075181 -0.237209795251
0.249828675595 -0.493490552112 -0.197012181061
0.279472273834 -0.476221474446 -0.157438084084
0.308465499863 -0.457255829157 -0.118169002291
0.336482612132 -0.434890842618 -0.0799038048663
0.364035728419 -0.414712627584 -0.0401782749579
0.391356029834 -0.400224301481 0.00209758246855
0.417335633526 -0.379162583018 0.0425878597044
0.444458490558 -0.366804354787 0.0856400158994
0.47134652202 -0.367544900241 0.130622996793
0.497045233408 -0.37410067787 0.175829334158
0.523165304885 -0.37889820558 0.221283656434
0.550399744269 -0.380142461291 0.266170037317
0.578972439922 -0.384116025212 0.310059544665
0.6026448213 -0.393094794232 0.35612926608
0.617694135061 -0.413680576452 0.401868566848
0.635942949425 -0.419257756005 0.450636061714
0.655907511611 -0.408405669333 0.497823167679
0.675423431108 -0.387637383655 0.541782819716
0.690536944142 -0.365673135163 0.586850756134
0.700853605753 -0.349499589165 0.635566395078
0.706350805841 -0.340083566285 0.686822161358
0.708715592955 -0.326584003686 0.73735929914
0.711200323215 -0.29781083412 0.781040661226
0.713410039604 -0.258388899087 0.815433036264
0.715600968025 -0.21243151103 0.840512724062
0.717867988122 -0.160525586801 0.848175675636
0.720228356897 -0.108182121731 0.843997647728
0.72174695234 -0.0575201979207 0.830797568673
0.723056901135 -0.00692165890609 0.817105884247
0.723566051243 0.0430773017315 0.801488883709
0.719725206983 0.0873207384634 0.773297719241
0.710114123934 0.138498281437 0.766167485516
0.694850870537 0.188470097944 0.776399836608
0.672143646471 0.235856139519 0.784703000887
0.643654085084 0.2785953381 0.773666249012
0.611653797326 0.31630374476 0.755917037406
0.583034462029 0.341217054244 0.719106004878
0.549282004896 0.371936439061 0.692962317225
0.513675765294 0.405215097326 0.673746623017
0.481336442027 0.433596715813 0.643894395601
0.456614946964 0.4511451667 0.601198241836
0.441475310447 0.457345443967 0.551447003627
0.437540922064 0.4525837388 0.499410965334
0.427905433416 0.447301253766 0.448190539504
0.41177348511 0.446644828994 0.398365546354
0.386566092143 0.442397529893 0.352453224629
0.357275333272 0.445958295541 0.30913235201
0.322308294684 0.460522729015 0.272960484857
0.284553733723 0.480838594225 0.242801564854
0.246391304997 0.506538719003 0.217280820241
0.208143059822 0.533834307902 0.193988828388
0.171785159622 0.556213672609 0.163595487725
0.140420376977 0.567570328941 0.123025998748
0.105438360215 0.574120793155 0.0843606948021
0.0677294920554 0.583532772345 0.0489128265629
0.0301590222651 0.59454735084 0.0139634370767
-0.00577919611298 0.602775295671 -0.0232229988412
-0.0433396848327 0.613786276477 -0.0580096776071
-0.0865348796507 0.629551682562 -0.0830903267057
-0.132665826672 0.651314281836 -0.0950351182331
-0.180835389011 0.671074105081 -0.10110415664
