0.222324067369 -0.151583061772 -0.148514826177
0.232527276217 -0.114574083042 -0.184169301861
0.241714972481 -0.0814410903808 -0.223895353538
0.250490702138 -0.0479342579522 -0.263537800278
0.258801458919 -0.00581546436406 -0.29356033673
0.267938895974 0.0405955624579 -0.317108500572
0.277901758036 0.0850111121092 -0.343660334227
0.288452601408 0.128808237412 -0.371127878338
0.300276963131 0.170418521518 -0.400932214887
0.312031083474 0.211594683504 -0.431514085541
0.318459310643 0.257110748832 -0.456665817628
0.319120909745 0.304993389259 -0.478296908877
0.315142906492 0.355144026858 -0.492923473037
0.306383096893 0.404945425106 -0.506622073278
0.293659978846 0.449525457009 -0.530999209582
0.27820083281 0.482886249612 -0.568303742567
0.258933327862 0.50104490533 -0.613543178259
0.242749681304 0.504046569324 -0.663277335248
0.234093590974 0.495371571018 -0.714270756425
0.231667322261 0.474130117026 -0.762220128452
0.236507611287 0.43638576837 -0.798361135949
0.228046874846 0.407968395355 -0.841575272971
0.210560329458 0.392484607322 -0.888511696844
0.187223315962 0.392388544823 -0.935453075922
0.15768110411 0.40782667095 -0.975884642819
0.124450021279 0.435714461109 -1.00522286141
0.0912243747931 0.472401447729 -1.02236201715
0.0620947442419 0.515396448355 -1.02962448227
0.0389866757745 0.562567232155 -1.02847183972
0.0285381021305 0.611404273165 -1.01247669007
0.0275875190156 0.654921122509 -0.983194634658
0.0338951204745 0.687048356011 -0.942169852839
0.0465880646122 0.704227662147 -0.894246278585
0.0649310291911 0.706027079008 -0.845158295764
0.0866160299193 0.691671651565 -0.799653934294
0.109499288322 0.663595765406 -0.761805746593
0.131642251672 0.624009432468 -0.735606912038
0.150679298361 0.57817125424 -0.718934925279
0.168287029777 0.540004727402 -0.687559614728
0.183742506759 0.512279957715 -0.645866239217
0.194201437079 0.496890925456 -0.596909716242
0.198806187525 0.494280509375 -0.544814694391
0.195953440785 0.502128477375 -0.493126422026
0.183519850129 0.520305917434 -0.445616866182
0.163939412813 0.544720011603 -0.403611295888
0.142832898819 0.570336845398 -0.362962985139
0.126584908756 0.582996207167 -0.314655921722
0.112629512875 0.587623592611 -0.264333031785
0.09884516342 0.578877508507 -0.214535081259
0.0886167405959 0.563837581569 -0.165391112782
0.0808534337663 0.545824204283 -0.116831732444
0.0661656250245 0.539058463092 -0.0670025099832
0.0548240574225 0.525691825406 -0.0176480503353
0.038497645654 0.521456599337 0.0319244492058
0.0226464460795 0.516061575205 0.0815741282731
0.0104620898784 0.495254051541 0.128077961758
-0.00729532781123 0.473386194558 0.172226657773
-0.0340859231934 0.460223352945 0.21527103762
-0.068570511448 0.460010326951 0.254712640851
-0.101860106849 0.454934692049 0.294865676563
-0.128714806502 0.435194587274 0.335255617839
-0.15113773702 0.407443983875 0.373619652501
-0.168688320592 0.373928870459 0.409895995064
-0.186591112606 0.341310439676 0.446728478112
-0.205171064789 0.308917334805 0.483429043202
-0.22050674038 0.272738649828 0.518038870368
-0.225757410481 0.228190652313 0.545087444749
-0.237893774423 0.187452442129 0.576490628822
-0.260019656326 0.155928338294 0.612448276088
-0.271243236698 0.113172033513 0.640742878233
-0.289951689798 0.0754279992025 0.672668509773
-0.313113124422 0.0421219082212 0.70587137965
-0.334228195103 0.00579273769359 0.73710251342
-0.344644841781 -0.0397620415596 0.760712198635
-0.34285705401 -0.0902525975048 0.774454602398
-0.329165377863 -0.140732074668 0.776894814368
-0.304317037009 -0.185906560652 0.767688680945
-0.287932704756 -0.235672284641 0.765620353085
-0.283026975466 -0.287367896574 0.772957674505
-0.283870718483 -0.338721885534 0.784135074353
-0.297602606075 -0.385162909544 0.804906334092
-0.294198248875 -0.437541375078 0.810866770117
-0.28895562546 -0.489645650968 0.809209869434
-0.295590380549 -0.540914644926 0.817824003685
-0.307790106452 -0.589970541934 0.831831420335
-0.313557136092 -0.64165643335 0.83911721102
-0.310225957034 -0.693648664266 0.8327611189
-0.303952558965 -0.743448188664 0.81763031084
-0.31010890669 -0.795102872612 0.810551131168
-0.310506985931 -0.845895913526 0.797147428004
-0.303356651853 -0.888289417172 0.766884637784
-0.298375307981 -0.931628768724 0.737834106175
-0.287856795232 -0.966966957387 0.700587479205
-0.273545265818 -0.992894298578 0.65734975535
-0.253322195281 -1.00333700664 0.610140431416
-0.239076349381 -1.01676480789 0.560902442117
-0.217607624806 -1.01301868237 0.513152658874
-0.202318303144 -1.02103226201 0.463689049332
-0.181469797279 -1.01957133643 0.415040614765
-0.1557649264 -1.00672440823 0.371122738565
-0.124879677178 -0.980329583212 0.337644311196
-0.0970671010331 -0.939538887011 0.318721318652
-0.0758446755789 -0.897395283921 0.294701932176
-0.0553453688484 -0.855537017385 0.270164668638
-0.0358709139899 -0.807498455073 0.26150526551
-0.0151608148303 -0.762807733065 0.243465119765
0.00553173357554 -0.721463049973 0.218871341732
0.0264571129153 -0.680683221087 0.193375814922
0.0454027090499 -0.633292047429 0.181352490395
0.0643153192952 -0.589075863446 0.160385153607
0.0815756451689 -0.541733812231 0.146153855295
0.0974401833868 -0.492717303981 0.136762830654
0.113610905013 -0.44620105491 0.118661479834
0.129749800939 -0.407449613863 0.0873082000702
0.144680334155 -0.376472016991 0.0478170290264
0.158499496014 -0.349389346479 0.0051673289522
0.171783001698 -0.318683361299 -0.0351362617161
0.184928583884 -0.278803067467 -0.0664482834957
0.197541612593 -0.233478685562 -0.0895565981975
0.209446411284 -0.188112429999 -0.113238921536
