-0.183101954544 -0.0671277920374 0.650139801213
-0.171620583499 -0.113139093333 0.672341902582
-0.175718887608 -0.164502872112 0.681644272992
-0.187050021731 -0.215625237026 0.681884938055
-0.183629633468 -0.267318673708 0.689475002687
-0.1656877578 -0.314422873096 0.703644236216
-0.134991413568 -0.352006707685 0.723307603861
-0.0947472563314 -0.376396342124 0.746264601172
-0.0490677755166 -0.385247462313 0.770285536895
-0.00301972938587 -0.376641389398 0.79369810472
0.0390328470393 -0.351673284002 0.812502611452
0.0721865939512 -0.311290310214 0.820820921256
0.106649383555 -0.272017204781 0.824588621892
0.149873126285 -0.242258165897 0.827494463862
0.190252574879 -0.209329356678 0.822194111894
0.238783325619 -0.189078025421 0.822072483327
0.278689724553 -0.155354904875 0.817223669396
0.304655698516 -0.112359521524 0.802290706552
0.335840952336 -0.0741701106042 0.784645488986
0.372104175741 -0.0419578500804 0.764665728779
0.411368113689 -0.0148368557081 0.742859627395
0.454251198004 0.00776368564517 0.722814945264
0.486240243371 0.0393952311152 0.695657676561
0.497760209645 0.0786350193827 0.662591899244
0.490539877261 0.117260729359 0.627783710123
0.472118350289 0.151429264813 0.592593522962
0.467546800941 0.182980638475 0.551045239977
0.482234380062 0.207994938081 0.507437252046
0.511590555517 0.226339088548 0.468155790236
0.553204591257 0.236423386274 0.43801120745
0.602738630599 0.237466741396 0.421014264588
0.654045852031 0.233782140408 0.410542913777
0.698067146566 0.24057248434 0.382852690202
0.731448234951 0.254382874511 0.344792250077
0.754098042397 0.269078816956 0.299676492817
0.769834541945 0.281692587928 0.251348233845
0.768823086999 0.294253238252 0.200529336662
0.750872457942 0.306153688312 0.152801856073
0.724394451066 0.314792597063 0.108336024787
0.711970496178 0.315967785712 0.0573799123433
0.706920231893 0.311329622879 0.00543172877313
0.690608900311 0.304188177937 -0.0438356132856
0.676082778231 0.292113210714 -0.0926729153989
0.650901543872 0.278952468813 -0.136819483722
0.618492256605 0.269820672767 -0.177104488935
0.577221269574 0.265091010935 -0.208996139828
0.543942388528 0.256407753362 -0.248488192195
0.505578851841 0.249032893182 -0.283432407923
0.459782455905 0.245683023594 -0.308620923811
0.410749800899 0.244324505455 -0.327004358168
0.363145148713 0.241376499599 -0.34865648932
0.317104932227 0.236272828036 -0.373171995272
0.279009174006 0.227216355958 -0.407996625298
0.247955580693 0.212246909022 -0.447542849178
0.210835878856 0.195145192812 -0.480367282551
0.163605904826 0.180423573534 -0.49772549207
0.112121742717 0.170054485624 -0.496947900074
0.0621803798733 0.161564549581 -0.483531289263
0.0133176687112 0.145802822991 -0.473172414594
-0.0330355573657 0.121482134449 -0.47427836911
-0.0728311600882 0.0910008606661 -0.489386398733
-0.102019083657 0.0576516627403 -0.517273411321
-0.117582201917 0.025104175235 -0.555252311698
-0.118194856826 -0.00366273124028 -0.599040430012
-0.112723678669 -0.0325484666736 -0.642537019113
-0.109085893148 -0.0667443155381 -0.682086771345
-0.120333551281 -0.105947961525 -0.715051697909
-0.144583076354 -0.147057576919 -0.736757104773
-0.166976622565 -0.191473959047 -0.753975260879
-0.170718008747 -0.237704155245 -0.779156717139
-0.167470878759 -0.284579406428 -0.802768323276
-0.176904247612 -0.335268259356 -0.811944964791
-0.196839565311 -0.383507537027 -0.807692773497
-0.225189007831 -0.423694953898 -0.789677055392
-0.258055980979 -0.451567586148 -0.759904187192
-0.292361670736 -0.463896387022 -0.72229178774
-0.32466793125 -0.459624537771 -0.681271051372
-0.353620805952 -0.439043829347 -0.642777479226
-0.376858588284 -0.404222439021 -0.611312630505
-0.392560310317 -0.35870954542 -0.590532996523
-0.397144673744 -0.307442316623 -0.58069370806
-0.388012342158 -0.255876467358 -0.58147641319
-0.36637581464 -0.209522043867 -0.592688929446
-0.334435512075 -0.173467517518 -0.613232395474
-0.301205729097 -0.135721312332 -0.627825483166
-0.275264693657 -0.090274117625 -0.629534936214
-0.25910768943 -0.0417610541617 -0.618284299387
-0.254591535372 0.00502923034478 -0.59523437713
-0.262369184199 0.0453177741733 -0.562716800461
-0.282196504987 0.074435789381 -0.523981867384
-0.312651339374 0.0884447224056 -0.483750006981
-0.350145465844 0.0842898909903 -0.447395955014
-0.388763736496 0.0648816216677 -0.417765320028
-0.42414947893 0.0304803814518 -0.399046006145
-0.461952397002 0.00692707278797 -0.370696377408
-0.498820797444 -0.0102488908645 -0.337711635998
-0.533668987263 -0.0319643908801 -0.305203847666
-0.563287778446 -0.040867830809 -0.262946177258
-0.584211974952 -0.0352323631716 -0.215275421277
-0.594015968928 -0.0163103709961 -0.167447104228
-0.592737002933 0.0148116650181 -0.125361481952
-0.591191980465 0.0369262425657 -0.0779307409374
-0.585732308944 0.0568208385936 -0.0298116457116
-0.568766690427 0.0859115046795 0.0102951900836
-0.544353601131 0.117661087505 0.0440361549739
-0.522844745263 0.137550577151 0.0874284433406
-0.498266436828 0.154017753705 0.130755361283
-0.479544671867 0.15612091648 0.179618940169
-0.468898205832 0.143262159081 0.22926229506
-0.467255668953 0.116643710344 0.27441206333
-0.463532113109 0.0866409798625 0.317200323319
-0.44449643762 0.0653288936912 0.361091187327
-0.412241283787 0.0553540327661 0.401124258824
-0.371307892275 0.0580307584359 0.433672493705
-0.327246882131 0.0743144432768 0.456833458333
-0.283992033656 0.0815327792892 0.485437662373
-0.245835090732 0.0736192223852 0.520406640234
-0.216635381246 0.0524553659944 0.558382223108
-0.198988046812 0.0212021594693 0.59659164459
-0.19328678232 -0.0219655435076 0.625676809898
