-0.00644989375053 0.846542799957 -0.0997647237865
-0.0393755761657 0.85757397833 -0.0603615935341
-0.0839890191964 0.860725956904 -0.0329744638986
-0.135461981898 0.854768332336 -0.0247490641081
-0.182362308775 0.850161312488 -0.00190541093718
-0.219802201911 0.848564129728 0.0346697887874
-0.243091208265 0.85377031361 0.0812994552467
-0.268195179121 0.857393362542 0.127111678018
-0.305174148638 0.853498559558 0.16398717187
-0.348740372922 0.842009967003 0.190771545676
-0.393530244416 0.82185299882 0.208976940513
-0.4359930683 0.796087928876 0.22604798156
-0.471660079647 0.775117595543 0.258530247713
-0.506961570451 0.753196978679 0.290451567425
-0.542454106921 0.730171991709 0.321309126399
-0.576923129825 0.702973833235 0.350145838296
-0.607715636949 0.676897435352 0.383821577707
-0.640865943967 0.640565866496 0.402118127477
-0.672305644085 0.598851788159 0.40681795658
-0.700132293652 0.55414103772 0.402534792365
-0.724617760306 0.508084729147 0.407249501487
-0.745523457207 0.460212095859 0.403545466179
-0.761544568089 0.413852353344 0.385197870329
-0.770815893396 0.373888026775 0.352649725493
-0.772496942403 0.343759653964 0.309835544278
-0.768637964847 0.317279827084 0.264757097628
-0.760191743878 0.291169391218 0.220144381811
-0.749223528482 0.258643525515 0.180600671782
-0.735970996375 0.220532138394 0.147155221862
-0.717340467089 0.184993078662 0.113213425931
-0.697004279927 0.144159801619 0.087503383624
-0.682363197638 0.0952703589976 0.07578346848
-0.67515375286 0.0435201056978 0.0791908684002
-0.676443615412 -0.00568428519039 0.0970619770463
-0.682381351249 -0.0513219024033 0.122042035234
-0.689222113312 -0.0957759665415 0.148850265512
-0.691907618771 -0.142826791011 0.171768171377
-0.695805021052 -0.187928565064 0.198094689632
-0.698307016197 -0.233274872205 0.224174842734
-0.698603363598 -0.278863809889 0.249917181284
-0.690342495688 -0.326241582586 0.270612722734
-0.675400509669 -0.374871687231 0.282983374751
-0.652863696889 -0.422082956455 0.280896055187
-0.625549993982 -0.464211395496 0.266044851371
-0.596550540319 -0.501996866637 0.244219184099
-0.564852082563 -0.537119675212 0.221701154853
-0.530365592565 -0.573319279647 0.206114936746
-0.4952946948 -0.611948751537 0.201569141704
-0.454462192245 -0.643741349733 0.190642324245
-0.411744921841 -0.673608594839 0.184607705039
-0.366577080766 -0.699938417149 0.181019359287
-0.321098366576 -0.725758169262 0.184961259793
-0.271267666671 -0.738989786858 0.175421851736
-0.22347305679 -0.738288418167 0.153875385362
-0.187111673772 -0.720416706891 0.120436962846
-0.157655143997 -0.697374871421 0.0834522743982
-0.121489039556 -0.677973804129 0.0509179696539
-0.0790786174605 -0.663037888998 0.0240819641883
-0.0308861135022 -0.654618663393 0.00543340098332
0.0210742739788 -0.656194765213 -0.000793438314791
0.0716194391612 -0.668439017287 0.00528432350402
0.11577707293 -0.689995650539 0.0233692683853
0.152699718412 -0.715744563224 0.0502019212795
0.197291900963 -0.734651456791 0.0700846317872
0.246851823537 -0.746544485535 0.0821870840672
0.298119143326 -0.753849518388 0.0900974921286
0.350171919573 -0.757385734983 0.0945765358262
0.402565609566 -0.75745877902 0.0960849791571
0.454428238702 -0.760268270932 0.102697423255
0.502389518129 -0.767773517207 0.123274580224
0.545374703076 -0.776001074769 0.152330960838
0.594665996667 -0.772375317272 0.169949191271
0.646609548655 -0.762593739067 0.171615775679
0.693100287435 -0.738030917174 0.172270753302
0.730225622672 -0.702019148547 0.162854246339
0.751504400924 -0.661606940051 0.136775762512
0.783215065376 -0.62129311293 0.126166230091
0.802408650866 -0.578078346472 0.103399833466
0.832755579103 -0.53582740692 0.097301655552
0.851425841512 -0.490457852453 0.0789981584804
0.856846349791 -0.446927458411 0.0504150115136
0.849276769868 -0.409322483132 0.0147827850502
0.829291443323 -0.381164469892 -0.0245728477272
0.804844221169 -0.356778570574 -0.0639550657221
0.790170866227 -0.321663599404 -0.0999230221215
0.787412099572 -0.278240045228 -0.129052077063
0.789246399826 -0.232370088792 -0.154268976814
0.778251396685 -0.192098549118 -0.185886607262
0.754648393011 -0.161852097684 -0.221527898747
0.720717995188 -0.144779876852 -0.257574261843
0.680827720321 -0.14034477766 -0.291192292866
0.641302131234 -0.133224130518 -0.32484862397
0.603492552359 -0.120384885414 -0.358727764884
0.570188673294 -0.0984158314948 -0.392646724506
0.533922685768 -0.0789385716803 -0.426056012768
0.498366612365 -0.0585233068404 -0.458797684537
0.473581966548 -0.0239127181369 -0.48930484363
0.461525853493 0.0207168291699 -0.513930390145
0.462760240962 0.0713803710573 -0.527298036788
0.475487156995 0.122188061554 -0.528784929358
0.490691748739 0.17201049198 -0.523383260555
0.49099160401 0.224354144809 -0.52231640592
0.47545815169 0.274210608159 -0.52610632277
0.458883557445 0.32391937458 -0.525347712732
0.451650703235 0.37448095938 -0.513790914938
0.437273450191 0.423350287999 -0.501564277463
0.407519863774 0.465955471886 -0.495090020563
0.375525667304 0.506372404611 -0.485247088136
0.351394931314 0.548208766651 -0.46478685848
0.34105399649 0.588715918126 -0.433190534484
0.321728715331 0.627308373199 -0.403534250745
0.288328868851 0.660844342897 -0.381124021819
0.243052389692 0.683458637317 -0.3676130834
0.199068490868 0.70446240011 -0.348460609399
0.153827983735 0.720781842574 -0.327759829169
0.111861979911 0.736397055064 -0.300622197835
0.0816158366312 0.758508415902 -0.264050258473
0.0653834155262 0.784868395166 -0.221819693049
0.0522121688622 0.810997946865 -0.178266128089
0.0268423344315 0.83302378117 -0.138069845067
