0.79595581078 0.0474700603709 -0.525232961662
0.757820900651 0.0690026915078 -0.554121903908
0.718865579074 0.0754546048483 -0.588633805675
0.67950193098 0.0734436044438 -0.62311610344
0.63825171483 0.0681270851048 -0.654918763551
0.591585294884 0.070970370468 -0.678664698738
0.542329118074 0.081660902287 -0.692935818165
0.494560499406 0.103111515861 -0.694278108636
0.44535660945 0.121263007402 -0.692692591248
0.39318732146 0.124921486037 -0.696468186818
0.340837023782 0.126823777881 -0.695771808525
0.291719965513 0.138579281381 -0.681918389635
0.248527558717 0.157275645679 -0.65893419241
0.206774294412 0.177340934203 -0.634482905934
0.16086164483 0.191364139153 -0.613492909618
0.113125861486 0.199633185714 -0.593616541463
0.0639021638404 0.198184572475 -0.575673475567
0.0167869388036 0.196100705114 -0.552862410233
-0.0301394191803 0.188673386515 -0.530795406449
-0.0770096521816 0.178962210151 -0.509373846394
-0.123552004617 0.16792571816 -0.48803615867
-0.169112656558 0.150945407737 -0.468609830165
-0.213834919569 0.137905264199 -0.44431156418
-0.254509806156 0.136784848515 -0.411146064281
-0.28920995169 0.144573459336 -0.372587359858
-0.324448222886 0.1505385685 -0.334301817998
-0.365068222026 0.141231607355 -0.30256646249
-0.407100394911 0.118702620778 -0.280882355461
-0.449108889569 0.089733443704 -0.269044209686
-0.489898251645 0.0574463159674 -0.262944383601
-0.525267975067 0.0195230199744 -0.270275449689
-0.556679119418 -0.019975606321 -0.284254331479
-0.587895905048 -0.0596701648217 -0.298268202688
-0.614712939439 -0.100431152021 -0.317343873319
-0.640231315483 -0.141752501939 -0.336911060744
-0.668500367198 -0.183242030822 -0.351809218376
-0.705035291898 -0.220768732637 -0.351689833723
-0.746104911214 -0.249022111642 -0.335605006216
-0.787342067399 -0.271156623589 -0.312101284579
-0.825569728015 -0.281720617765 -0.277627355535
-0.864396233403 -0.307552139411 -0.2537322514
-0.900083286928 -0.323225061176 -0.218739190871
-0.931837892789 -0.33910217474 -0.180244691676
-0.957501636253 -0.341425728542 -0.134657558661
-0.974875360649 -0.329944804211 -0.0866084463549
-0.995477304823 -0.332352850663 -0.0384883593666
-1.01038372169 -0.33345563019 0.0117016072237
-1.01251796395 -0.323147061496 0.0630009342258
-1.00271648997 -0.301412696247 0.109620489679
-0.985087605272 -0.272321620167 0.14944641656
-0.971789911492 -0.257313150616 0.197832997322
-0.95827884753 -0.250688551613 0.248055603378
-0.933883851601 -0.236083946226 0.292020664094
-0.902084539519 -0.211334899306 0.325456527516
-0.866455602848 -0.178475990619 0.345278066875
-0.830476488009 -0.140735149458 0.350144372261
-0.797008278994 -0.101455366287 0.341222231748
-0.769210187911 -0.0638911130885 0.31758593658
-0.742049669297 -0.0274384690969 0.291564495241
-0.719728029974 0.00564863153438 0.257662904726
-0.697435097599 0.0376108039866 0.222678414538
-0.66611100955 0.0729785276032 0.200076789972
-0.628168990727 0.108370402939 0.192934088495
-0.587676910454 0.140413155317 0.201695094615
-0.548725725082 0.165935485646 0.225656522966
-0.513635351082 0.184218200462 0.260054843747
-0.481808833246 0.193297648119 0.300901588204
-0.462938930211 0.184291104039 0.349666153661
-0.453556458634 0.16371952776 0.3974378172
-0.421888944174 0.155553304552 0.439056806652
-0.383214439067 0.149897016057 0.474162145387
-0.335353099863 0.153471765573 0.495820233477
-0.286913522456 0.152070538321 0.515667666848
-0.235146823242 0.15697901275 0.522068905012
-0.185383851907 0.171481212122 0.514259764226
-0.141060659416 0.193054421307 0.496414109888
-0.0934980584625 0.210345227499 0.482983950038
-0.0415039844479 0.21636379631 0.481161024213
0.00958278813021 0.208190657513 0.489350205123
0.0524785806948 0.184598848695 0.508053739182
0.0889062860229 0.155209034123 0.532157822755
0.130307645925 0.129069394393 0.550751785872
0.175520196316 0.106190969353 0.563939259218
0.222638742139 0.085150944025 0.573519775588
0.271591122782 0.0670985025691 0.578410604882
0.315066313849 0.0407627424662 0.591036465291
0.35729053439 0.0125522337154 0.603949573795
0.403314084536 -0.0115209762473 0.610563935464
0.445325100828 -0.0407802742517 0.621556679544
0.486412157178 -0.0722151417703 0.629954735644
0.522096144761 -0.109408407621 0.639147303788
0.557775581304 -0.147981340533 0.643386407873
0.602024437328 -0.17380322521 0.632174557834
0.646650502031 -0.184709906765 0.607012635996
0.685573810249 -0.18242108627 0.57204748385
0.713530738134 -0.163627844472 0.531928730444
0.728365460307 -0.12979592458 0.494718208756
0.742071725481 -0.0959106059529 0.457158912818
0.766885709378 -0.0740289599824 0.416441438154
0.789955774835 -0.0518363343524 0.374815828294
0.800765126406 -0.0182109823261 0.336064508416
0.816260005354 0.00504832021574 0.291763398445
0.834240373321 0.0180738540424 0.244339608777
0.842837452985 0.0354319177475 0.195689181565
0.858252578611 0.037189908653 0.145668353413
0.87492170694 0.0349597850679 0.0959878493598
0.884564913122 0.040776540185 0.0447990653142
0.890841792464 0.0511695698102 -0.00613572031849
0.904277721043 0.0512415827528 -0.0567427048135
0.922254680115 0.0401111343932 -0.104659628673
0.941415270335 0.0187339537866 -0.148484221675
0.960373772337 -0.0111998149738 -0.187069338765
0.975640968562 -0.0436681697077 -0.225214420098
0.980812939568 -0.068142202464 -0.271212788988
0.973386630863 -0.0809210127903 -0.321446367712
0.953508818005 -0.0808499880953 -0.369896755236
0.924658379152 -0.067079687646 -0.411393290308
0.893295204807 -0.0453959222711 -0.447284044174
0.862414456859 -0.0130002537779 -0.47449867928
0.832159145273 0.024670890549 -0.494868112847
