-0.669885692962 0.0128526911673 -0.446308293701
-0.642531927187 0.00206531376579 -0.489635305131
-0.611520566211 -0.00415623624033 -0.531520584335
-0.576445371635 -0.0261455047386 -0.56359835807
-0.540197463904 -0.0585066278497 -0.583111209515
-0.503764195041 -0.0959437313227 -0.5872002312
-0.46051200892 -0.124358253992 -0.595565774258
-0.414656248437 -0.149483717069 -0.600390974454
-0.365856442494 -0.168306554929 -0.604166379279
-0.321220419594 -0.194415623114 -0.595687575126
-0.278457697817 -0.222603882221 -0.584484838959
-0.229473999651 -0.241212476079 -0.583402249387
-0.178412718091 -0.247775715169 -0.593280972594
-0.12887385928 -0.264957658476 -0.593369914701
-0.0859062619177 -0.292944487314 -0.58244143738
-0.0540184199902 -0.32908446654 -0.561839570399
-0.0292945496007 -0.364505372721 -0.532147496763
-0.00152669541702 -0.398580751058 -0.503630487557
0.0388836051306 -0.425849516524 -0.484481788107
0.0876633385246 -0.443474440353 -0.477202116297
0.139796954185 -0.447170755679 -0.480675829106
0.191149039022 -0.454047333982 -0.473098461913
0.236776300391 -0.471115760567 -0.453756245564
0.287724707679 -0.474407931343 -0.442016420759
0.339080035093 -0.469211441191 -0.433197478636
0.389037422087 -0.459570544518 -0.420528145031
0.437132113066 -0.439844595237 -0.413810894898
0.480163383117 -0.409781011825 -0.415187699943
0.513343442534 -0.371004749565 -0.42694530611
0.55038156511 -0.333946709765 -0.426434320805
0.589644969754 -0.302657516148 -0.411360780884
0.627812047455 -0.27625768808 -0.386754145042
0.662436029516 -0.244004967308 -0.363810857034
0.695693103968 -0.209420230171 -0.34276503663
0.723969626965 -0.1669051453 -0.331171857432
0.743579646052 -0.118451005708 -0.327924039275
0.764570483005 -0.0742250726788 -0.309193894185
0.789323549392 -0.0404548171132 -0.277739964646
0.815016664558 -0.020265371684 -0.236826705942
0.838506771164 -0.0110265153595 -0.190904256979
0.857773072419 -0.0184451711714 -0.142634975003
0.86405066409 -0.0391274727489 -0.0949261369436
0.861541382971 -0.0697459498697 -0.0525276765109
0.850136126225 -0.10911373367 -0.0199464075662
0.831456501941 -0.152766769576 0.00217214897034
0.809746818339 -0.192802317582 0.0280103853349
0.78869118137 -0.221079272406 0.0667182134115
0.769394217666 -0.233857871161 0.113684581675
0.75410879912 -0.229903873126 0.1636154804
0.74090612062 -0.214883089031 0.212055496106
0.735316077664 -0.184745189937 0.254534623173
0.738349672796 -0.143334289722 0.28648420371
0.749076238984 -0.0953645410751 0.304624443159
0.771055544617 -0.0480190555598 0.309553441597
0.799052334779 -0.00397967410781 0.304500900451
0.818878747283 0.0436850291977 0.313624687317
0.82770933575 0.0905753311099 0.335733581026
0.819026640296 0.134327225109 0.363239585459
0.795271580167 0.169424732899 0.394018432928
0.759215357312 0.191933833908 0.4246236771
0.715283870082 0.199223233043 0.452222425746
0.668514452741 0.190583530434 0.474229284562
0.623954810613 0.166731999588 0.488141138242
0.582694067571 0.135123646269 0.494750150124
0.5357496181 0.112480755164 0.500288572196
0.493179254149 0.0820190349989 0.498350900522
0.459816386467 0.0425884124846 0.489595950417
0.415421194198 0.0149220210674 0.487010151065
0.365011817403 0.000940889946248 0.489686205859
0.320470992748 -0.0264368598403 0.486519823789
0.272058424572 -0.046354457488 0.485308902201
0.220418264984 -0.0546908797379 0.48769054792
0.168422486918 -0.0512176338371 0.493143561672
0.121055231491 -0.0317396707143 0.504018328929
0.0818282149065 1.14713243118e-05 0.517967544164
0.0534986423905 0.041004518285 0.534064575043
0.0405654564418 0.0886532857916 0.551527857247
0.0128265642054 0.130390682346 0.566715626108
-0.0278123660976 0.161461759218 0.577866322923
-0.0767494623224 0.178949478512 0.584232446578
-0.1290612774 0.181032436969 0.584949461818
-0.179316575021 0.166880553079 0.579843917529
-0.229129526559 0.151430127257 0.574112688362
-0.278475553389 0.134029226016 0.570142388125
-0.329859249889 0.124703313125 0.565761396318
-0.381893269656 0.125237628695 0.559897612198
-0.432669756478 0.136139013832 0.552616943866
-0.481780614633 0.15097142039 0.541892037948
-0.530503560575 0.157138144827 0.523609327465
-0.576615312464 0.155864969082 0.498797922861
-0.620622764623 0.159031925007 0.470457339216
-0.658626795094 0.148453253804 0.435903187792
-0.686616459297 0.123590616516 0.399140207392
-0.719275501718 0.11741860063 0.358622158528
-0.751641794576 0.128271665 0.318870761506
-0.779990397401 0.155910496962 0.284570758729
-0.802564027637 0.189442453828 0.251185343152
-0.822132059313 0.211192359901 0.207748087466
-0.837171392211 0.217129638628 0.157935087441
-0.84842227479 0.239047335069 0.111652213659
-0.853258174121 0.275348342022 0.0741528920232
-0.85224330354 0.321535362014 0.0493834850968
-0.844039180261 0.372446482161 0.0398136089849
-0.833428404366 0.423030336768 0.0306908514147
-0.824677220319 0.467950437061 0.00516516375896
-0.815047180516 0.502137012146 -0.0333549803883
-0.803938697064 0.521545276297 -0.0807734849663
-0.792209568454 0.525061453255 -0.131738702925
-0.783458557317 0.512636187722 -0.181852254335
-0.780382122876 0.485461081793 -0.226521523454
-0.779233764017 0.445092003292 -0.25986603605
-0.780846191641 0.396164554788 -0.278474607032
-0.783390612477 0.344125999436 -0.284093422989
-0.779663143712 0.293733940238 -0.297805655552
-0.778456075878 0.241524857761 -0.294053126884
-0.769651586268 0.190610278138 -0.302622515917
-0.754651982997 0.146075067618 -0.325757560381
-0.73776988977 0.103519153312 -0.351194234157
-0.718503885629 0.0585823006514 -0.370002724353
-0.694876891642 0.0242377705768 -0.401725116342
