0.0321448478515 -0.424727047453 0.773833601062
-0.0171052477742 -0.442126633664 0.777704837062
-0.0694629294909 -0.443412205191 0.778178577825
-0.121175593273 -0.434581428789 0.776355711176
-0.173218508153 -0.428944205496 0.773757161056
-0.225363702309 -0.430197291778 0.768872543477
-0.277259619761 -0.433367428589 0.762386114838
-0.32817845221 -0.423566566689 0.75468621017
-0.372675223914 -0.397253869543 0.746013029559
-0.406204521761 -0.357705822178 0.738499107162
-0.432505070779 -0.313314084527 0.729479068082
-0.448219517151 -0.264735095304 0.717831766467
-0.469226127419 -0.220157530996 0.700096848714
-0.5031780545 -0.186987849236 0.67795488316
-0.544771462599 -0.167171422657 0.65306584154
-0.589978329199 -0.163928634789 0.626816077297
-0.636263800748 -0.174295227278 0.604613805117
-0.68157006151 -0.174440866636 0.578322257363
-0.724481916543 -0.168169697052 0.548934555754
-0.762505049475 -0.152507057722 0.516521467264
-0.79406944952 -0.128201873111 0.48254131339
-0.821474181342 -0.100057186098 0.447779277311
-0.849125252588 -0.0737375315006 0.411737655728
-0.866006628234 -0.0386260860214 0.376639874082
-0.867962096285 0.00467058422498 0.347193966665
-0.865125141681 0.047327648878 0.316743134571
-0.859469055704 0.0873408320229 0.283249489924
-0.850103650023 0.125472153621 0.248497272548
-0.847258239681 0.157301819462 0.20701210151
-0.847667381956 0.183103583078 0.161350470268
-0.850004122218 0.20464474384 0.113663128298
-0.851831843485 0.221315537213 0.0640439642751
-0.864854744807 0.224426860957 0.0133469896063
-0.873283032231 0.225285216516 -0.0384558226082
-0.870677925625 0.232431085875 -0.0905617485214
-0.85644676133 0.246691337251 -0.13934057092
-0.829681100695 0.268830586039 -0.178608634536
-0.805024556807 0.288887628715 -0.220459505859
-0.784735217209 0.305095381846 -0.266202947213
-0.769823921299 0.317444444901 -0.314920468411
-0.762754444359 0.318775348329 -0.366939055027
-0.757120143938 0.313853987703 -0.418972771929
-0.736124992242 0.31917850979 -0.466752808197
-0.707607169766 0.330039574407 -0.509410642239
-0.669828951261 0.348460850945 -0.540725104923
-0.626402676437 0.373193970639 -0.556457995992
-0.582693399626 0.402159363694 -0.552930449477
-0.539425716675 0.429860529077 -0.541669331399
-0.492858994668 0.453117484945 -0.535055376971
-0.443057806272 0.469452282854 -0.539135472053
-0.393178779527 0.47855105936 -0.554580666328
-0.345472975736 0.481040840995 -0.576724150997
-0.294409220327 0.480593512531 -0.589769258569
-0.242221451084 0.478929785369 -0.599286470834
-0.189716908866 0.477938673883 -0.593492613925
-0.138502792318 0.468228779197 -0.599337929232
-0.0876660332635 0.455680023202 -0.599688341683
-0.0382016294915 0.438217042001 -0.5998908147
0.0117677967461 0.422102454923 -0.59676086268
0.0605456813592 0.402528202456 -0.598025819856
0.108408029782 0.381170369345 -0.603047616653
0.149392314701 0.355198519577 -0.623532934785
0.177461687796 0.326834821928 -0.660027202458
0.221106342034 0.298903204438 -0.669982002269
0.260940504923 0.269237904623 -0.686646690124
0.295920060139 0.238450879967 -0.710635335417
0.323468242952 0.208292516775 -0.743692019597
0.349636297352 0.178195653025 -0.778405809987
0.374246532242 0.145771700661 -0.811460348361
0.39941661513 0.111872800597 -0.842623302152
0.42851513502 0.0761338128326 -0.867482069899
0.463706567751 0.0397420773297 -0.880878477751
0.499978364972 0.00230588680305 -0.88603056927
0.536197225509 -0.0352660513405 -0.881561422016
0.571855628887 -0.0683959416126 -0.862265724273
0.60392580634 -0.0927359209665 -0.828796036542
0.63118029448 -0.107905532231 -0.786690630241
0.652905352741 -0.118472846514 -0.73998719779
0.675166564749 -0.139183557075 -0.697142004039
0.695619338455 -0.16072739232 -0.654020861786
0.708844702551 -0.173251062775 -0.604798849841
0.71709101724 -0.17000620774 -0.553111609764
0.719267346124 -0.151723993725 -0.504035977051
0.714508071071 -0.119849225701 -0.462724950957
0.716655741346 -0.0998378491161 -0.414361014401
0.724108685306 -0.0923777143423 -0.363008285221
0.736014882719 -0.0963114780058 -0.31216472566
0.74852011249 -0.103990491369 -0.261887539016
0.758651658569 -0.108145810959 -0.210661601307
0.770928737898 -0.119898384073 -0.161114226382
0.775914199624 -0.115723515874 -0.109139306238
0.773139106757 -0.0968072909143 -0.0603494639443
0.770138502108 -0.0793883905313 -0.0110111586046
0.76703829693 -0.0640098306964 0.038946736753
0.770417698139 -0.0649070741286 0.091192491492
0.778978436183 -0.0799962548315 0.140593886029
0.788803596059 -0.10069043095 0.18775371514
0.793405752373 -0.120711636393 0.235921627725
0.798059962977 -0.153084434575 0.276807051085
0.793140107494 -0.177782737239 0.322709554986
0.782845542755 -0.200361429346 0.368814933132
0.768712608052 -0.225133415046 0.412749955345
0.744925075025 -0.233397785221 0.458687969539
0.714694497204 -0.224674326778 0.500658461796
0.681132697938 -0.222174830099 0.54081475979
0.643313643001 -0.214910089002 0.576312345772
0.603590206569 -0.193922044363 0.603205909913
0.562014792324 -0.169879072883 0.624102742345
0.518460911807 -0.144831905716 0.638966871895
0.470737605275 -0.127394279946 0.652069525829
0.420620063825 -0.127724265987 0.667435137581
0.372151553023 -0.136195685408 0.685380579962
0.330335797695 -0.161855465512 0.703679396426
0.299321895161 -0.200841882285 0.719857912124
0.279103394093 -0.247692797289 0.731778489449
0.24991525342 -0.290242699666 0.740817597493
0.208247041297 -0.321075414788 0.74822844259
0.160437783322 -0.341563741492 0.754456967052
0.116281080233 -0.369315088105 0.760520067757
0.0812382892558 -0.407701951417 0.767247367558
