-0.521237969864 -0.323713704426 -0.175835756878
-0.535932108512 -0.282357969578 -0.147255327155
-0.562546732152 -0.240823214247 -0.129609215317
-0.59838609563 -0.202894473609 -0.124380722388
-0.633699844145 -0.164477520911 -0.119961061401
-0.671107708176 -0.127848903652 -0.120321660843
-0.704239087499 -0.0876120898199 -0.115387954575
-0.727060128594 -0.0432567631408 -0.0994835985563
-0.736884712433 0.00110801200762 -0.0734747442692
-0.737125477441 0.0428070740361 -0.0417655068124
-0.741027964158 0.0860041414889 -0.0122023771801
-0.752592504592 0.131543003447 0.0111103334452
-0.763667129653 0.178369906463 0.0319298514459
-0.775438134489 0.226203651127 0.0496917521141
-0.772259186719 0.271312301447 0.0761708228843
-0.761430429597 0.312904537396 0.106249005387
-0.735472987131 0.341381935723 0.141929424689
-0.70064572464 0.355956632798 0.178443400406
-0.661617992114 0.366910287282 0.21169506658
-0.617229629564 0.359883492065 0.238593952548
-0.572650299342 0.34961886948 0.264063825405
-0.528791333127 0.323432800829 0.276447322506
-0.481635402274 0.309936435579 0.295187016773
-0.436793405695 0.317627552829 0.321298235517
-0.39891679038 0.340246956602 0.349671711727
-0.372273689962 0.375575899384 0.377828869628
-0.340434205951 0.407525383678 0.405929654618
-0.311469674069 0.442080000448 0.432791498477
-0.292419090415 0.484349478552 0.457138599422
-0.282588787182 0.531233216754 0.47849029538
-0.289009571688 0.581087290022 0.493305120352
-0.310860510542 0.628073600034 0.501018853232
-0.329915901402 0.676083168693 0.50961694606
-0.333858748708 0.725978548019 0.525052883413
-0.322798811456 0.77243686736 0.546700762316
-0.295711074674 0.812497965336 0.566890751223
-0.255642675842 0.8418270999 0.583527943719
-0.2072835876 0.857160755511 0.596519618495
-0.155379543443 0.857081106032 0.603680562947
-0.105169091043 0.842163258115 0.605143453007
-0.0615171343728 0.813234378436 0.603344632393
-0.0288432268112 0.772590215517 0.598117507658
-0.00993314551479 0.724342667047 0.590188476118
-0.00436842916385 0.673348975585 0.578712262754
-0.0195182498553 0.62454071337 0.566492833537
-0.0499181470976 0.582961612142 0.555874723654
-0.0755558792322 0.538712818006 0.544161358326
-0.0817720703563 0.488492995047 0.530541473861
-0.070884434661 0.439056733485 0.517052522286
-0.0427087109241 0.395947279619 0.50735442298
-0.000958524524362 0.365933018923 0.49743893697
0.0487001829658 0.35276688496 0.487311887467
0.0999733613997 0.358167269216 0.478103411468
0.147108999635 0.379977455172 0.471204567982
0.195937888098 0.385843516995 0.453034089206
0.240853315586 0.374621460533 0.428402498988
0.276747275742 0.347524668055 0.401313694427
0.29752130766 0.30648743484 0.375509020864
0.331229779324 0.277939531229 0.347178201088
0.373002736552 0.262609935924 0.319471056204
0.417068517558 0.262441844254 0.291156812025
0.459485757997 0.277942021597 0.264622626416
0.498891983685 0.292162667649 0.233175913271
0.532206123947 0.292605594923 0.192741989981
0.559967748863 0.278452776033 0.150635978742
0.578785913714 0.251736991224 0.109691786237
0.58871409267 0.215339810057 0.0733223896976
0.588706420057 0.169743999043 0.0474564449331
0.5832449239 0.121397031881 0.0279637610627
0.579331512063 0.0742808767868 0.00538823980107
0.579270289453 0.0303102482121 -0.0231048745891
0.582909598042 -0.0100712813835 -0.0562509154864
0.590164492656 -0.0462845637963 -0.0933669531877
0.604105958004 -0.0731472821762 -0.136103184988
0.623179565827 -0.0911661211977 -0.181428108191
0.637581741944 -0.115613420234 -0.225431192242
0.642655223914 -0.150871066205 -0.263834102308
0.640638206079 -0.192034033674 -0.29613057776
0.647996545644 -0.223973004859 -0.336967438529
0.647412999217 -0.263521336551 -0.371275233812
0.651402154755 -0.297946201905 -0.410527951674
0.659888200209 -0.327761765538 -0.452765710373
0.677165372465 -0.343781405048 -0.499564310698
0.695336895377 -0.357568359343 -0.546755980479
0.703092568028 -0.385487823968 -0.590373214078
0.702902075261 -0.424766187498 -0.625009398131
0.696433316319 -0.469345678846 -0.651725388588
0.689936823728 -0.51046083862 -0.683560118048
0.670652830521 -0.554749689089 -0.703817552764
0.641329923299 -0.596685796997 -0.715017803352
0.602680985269 -0.63193844434 -0.712073345068
0.559268305739 -0.658599040553 -0.699685316473
0.514379638796 -0.674476326187 -0.677782329526
0.469819027617 -0.685175376579 -0.651883837014
0.422433287345 -0.703263675401 -0.638845338767
0.37670302759 -0.714188952143 -0.615741391489
0.335227634785 -0.719449150827 -0.583941097401
0.288320772254 -0.733022204842 -0.564526879141
0.239060036732 -0.75088338259 -0.565151702615
0.189582095261 -0.759730120708 -0.550420770779
0.14004165218 -0.763236624254 -0.533659106699
0.090396755646 -0.761557217109 -0.516813293149
0.0479228119125 -0.751211433654 -0.487850410354
0.0144381421282 -0.734671827748 -0.451104907066
-0.0152128628771 -0.716522111389 -0.411828950112
-0.0340065620379 -0.694897866339 -0.367964496407
-0.0452436545621 -0.671119120933 -0.322620394678
-0.0515850439154 -0.643560765229 -0.27843458326
-0.0763179952415 -0.615373316172 -0.241784334166
-0.110871294689 -0.588360332179 -0.212968029606
-0.157634590826 -0.56883905603 -0.199448036683
-0.208790492153 -0.557361305184 -0.201071587218
-0.258107443353 -0.555437206039 -0.218867758192
-0.302438977117 -0.558476262458 -0.246663603272
-0.349466766437 -0.545483405129 -0.265993645712
-0.394125045593 -0.519460755462 -0.275263719265
-0.433382289503 -0.484801343959 -0.272172632104
-0.464116344813 -0.445181896751 -0.256803528725
-0.486144921271 -0.404060447995 -0.232963448732
-0.505180816615 -0.363355189703 -0.206064645786
