0.375160192032 0.182802595124 0.541669800404
0.378361584578 0.233023329205 0.556128192368
0.384457268358 0.284508643035 0.563860645109
0.387204303051 0.336653439734 0.568516381173
0.373695382188 0.386413343671 0.577715475398
0.343547068773 0.427066443792 0.591453941351
0.308659135991 0.46463623428 0.602842457125
0.268922428768 0.497506118182 0.611989312809
0.221765825349 0.518522029025 0.620721218558
0.171278389335 0.529928357006 0.628588321256
0.119275424453 0.533062253972 0.633954298916
0.0678418385522 0.524705459725 0.639939955273
0.0194713237513 0.506051045885 0.647622173065
-0.0305979983197 0.491712987569 0.653377377234
-0.0828812457292 0.489100467927 0.655397877625
-0.135219525405 0.491271792378 0.655073999638
-0.18754189722 0.491148116126 0.653202479326
-0.237120347309 0.504993376201 0.643632798132
-0.283906896276 0.523239379129 0.628726081435
-0.329875624031 0.539714945434 0.609832812753
-0.378694723995 0.539233446904 0.590916617122
-0.425127979102 0.522066089925 0.573871821662
-0.464250863892 0.490005458898 0.560354081878
-0.49256589112 0.446615196068 0.552799662818
-0.509301606403 0.397053667414 0.555168607395
-0.512512624009 0.346083965646 0.566755314175
-0.501352086351 0.298589272335 0.58578632496
-0.477325330025 0.258973611665 0.610185669583
-0.446773011674 0.225066514536 0.635916228762
-0.425050755466 0.180224845213 0.652118587634
-0.413809873936 0.129220550821 0.656155797276
-0.39145740364 0.0819609379818 0.660627158524
-0.354403439247 0.0454456927856 0.667302028928
-0.308909757569 0.022161826261 0.679088306264
-0.267293787642 -0.00947265283549 0.683795851754
-0.234289180426 -0.0498221987741 0.678753159899
-0.215060215512 -0.0961169219271 0.663619736062
-0.212639908004 -0.142783201868 0.639994422084
-0.226164276078 -0.184026726471 0.610700525237
-0.254028700108 -0.215164220426 0.579126930494
-0.289454773337 -0.236365626952 0.546896599836
-0.311012810168 -0.264409187134 0.508267003045
-0.316699620696 -0.29629592102 0.467095794408
-0.321180977431 -0.324766907308 0.42332004124
-0.338810955102 -0.342888516778 0.377425650431
-0.359493691415 -0.35445008599 0.330653736833
-0.36406166912 -0.370201964832 0.280876242557
-0.362027718849 -0.384251964879 0.230462899653
-0.346755197635 -0.399036482562 0.18261704331
-0.318171874629 -0.41395375878 0.14133343266
-0.287336781528 -0.425781551659 0.100392596263
-0.256512094095 -0.438352169034 0.0598728083539
-0.236811927854 -0.441516732596 0.0113763584891
-0.222798150553 -0.437242961859 -0.0389691947365
-0.191625791556 -0.433545807251 -0.0811882227831
-0.148390415713 -0.432590519762 -0.111322665349
-0.108180816539 -0.429819378366 -0.144850435264
-0.0800772182496 -0.419907667621 -0.187971056059
-0.0668470328097 -0.401781486911 -0.235323353785
-0.0695198465747 -0.379330216981 -0.282607005177
-0.0814806365575 -0.355589649322 -0.327796932522
-0.107913328805 -0.332359334362 -0.366655489641
-0.131778304925 -0.308078873347 -0.40653432587
-0.149451379667 -0.282597896668 -0.448724463747
-0.165976201053 -0.256330834847 -0.490896414316
-0.17092934138 -0.22965010182 -0.535740222996
-0.181102125357 -0.202664076969 -0.579442169506
-0.194041100643 -0.174774899688 -0.622046256456
-0.203587614067 -0.146552863151 -0.665122118327
-0.217236984427 -0.118465468484 -0.707162375164
-0.225023964039 -0.0905164658876 -0.750761230067
-0.220140883743 -0.0642344246219 -0.795792547084
-0.211084680281 -0.0378233333305 -0.840226737723
-0.198709671501 -0.00749140240481 -0.881154044254
-0.17613958418 0.0239276190952 -0.916431530032
-0.139883134153 0.0486804770295 -0.944958289423
-0.0949761776988 0.0659514064503 -0.965635410435
-0.0450559838367 0.0756565357723 -0.978082577423
0.00135667321478 0.092490600641 -0.995712711247
0.0430681849495 0.115302967511 -1.01765086326
0.0872401737372 0.136737405303 -1.03585259654
0.137401147685 0.150745543424 -1.04132525223
0.188917707591 0.154866598041 -1.03288043975
0.236825326573 0.149838710023 -1.01233585372
0.280385810849 0.141568691381 -0.984484717024
0.313618053664 0.123805627756 -0.948128029361
0.333869470638 0.0966328800596 -0.908215244281
0.339209128399 0.0627672777955 -0.868644190225
0.329189639342 0.0254716573041 -0.833293446389
0.304831896506 -0.0117169238554 -0.805640632321
0.277814834138 -0.0479432195834 -0.779172502898
0.263689346091 -0.0835352619994 -0.743454021771
0.25314967621 -0.117793754573 -0.70529031527
0.245943511514 -0.147668636004 -0.662896616183
0.2460782473 -0.171414002887 -0.61622743964
0.248705403107 -0.192534323696 -0.568388574206
0.26480272181 -0.203321616754 -0.519747109918
0.29104978233 -0.202815136433 -0.474447330059
0.325680755333 -0.191472689725 -0.436850163488
0.357948943444 -0.178242921466 -0.397796265834
0.383803973887 -0.168325069392 -0.353349083873
0.399223405692 -0.16419400794 -0.303486152151
0.402071652902 -0.166909170908 -0.251276555941
0.397398044355 -0.173087235477 -0.19946271672
0.393204339449 -0.177816094937 -0.147434267057
0.383667964856 -0.185113697961 -0.0963752032739
0.388926862218 -0.18229257128 -0.0442816035681
0.407232230143 -0.168336544914 0.0044828379387
0.401499352678 -0.163079142168 0.0569405193013
0.408772300755 -0.150946776252 0.107438426396
0.415113309463 -0.135226103557 0.157068435908
0.413512886694 -0.119961788125 0.207169958077
0.413524669732 -0.0984054514017 0.254915729909
0.408181523448 -0.0744902439072 0.301200165115
0.395268073286 -0.0540611242456 0.347734874799
0.387623288257 -0.0254441731801 0.390944880749
0.386278467264 0.0105045636934 0.428992369476
0.383733163486 0.0495008426444 0.463845411206
0.378408153625 0.0905557210358 0.495902832669
0.370575146859 0.133385579286 0.524985886249
