-0.0835797931231 0.443181376155 -0.8552913839
-0.113867596488 0.40453572444 -0.873488537891
-0.15260170877 0.369604320223 -0.878115576457
-0.196200414404 0.3420467265 -0.869090034867
-0.240494694475 0.31915325584 -0.853102499611
-0.284294253227 0.300342593499 -0.831446047491
-0.325563207346 0.290457260067 -0.800780676298
-0.363321389551 0.287136694962 -0.764645230804
-0.402374353242 0.278819801878 -0.730761669187
-0.443342853414 0.257374268157 -0.70620127759
-0.480964426646 0.224184432947 -0.690945457803
-0.517477850705 0.189311852915 -0.676743767312
-0.554230721492 0.158546713448 -0.655634924923
-0.590221338346 0.131608196106 -0.628654885751
-0.622013546722 0.104621293735 -0.596660502436
-0.650151897898 0.0726078663717 -0.566170307969
-0.674460472346 0.0372297022696 -0.53613618243
-0.694417427879 -0.00251117367657 -0.508462555734
-0.714020357454 -0.0407093487055 -0.478446104135
-0.72988372033 -0.0845762573842 -0.454128200759
-0.743156111541 -0.125717416261 -0.424426489677
-0.753964191971 -0.168352055268 -0.395340287934
-0.762368166061 -0.20013052559 -0.354516767454
-0.768733808547 -0.222543835423 -0.30759547751
-0.774034574033 -0.240475909346 -0.258670336937
-0.778984255133 -0.258492273713 -0.20976002969
-0.783370749255 -0.281540231609 -0.162942093162
-0.786552087789 -0.299288112214 -0.113777311735
-0.78759126561 -0.304747726978 -0.0616853860247
-0.783953172552 -0.305704117938 -0.00943336786137
-0.775297010408 -0.307749562426 0.042188125873
-0.761517473863 -0.315057818841 0.0923608202278
-0.743218426227 -0.318599276095 0.141297784972
-0.721027921862 -0.334426660287 0.186017259263
-0.69811277898 -0.364739109711 0.222062167064
-0.678475872966 -0.405371445927 0.248630680854
-0.658762386765 -0.450378170754 0.266902046838
-0.633241965024 -0.49183514656 0.286249497299
-0.603044528351 -0.524026708276 0.314475814907
-0.570914997634 -0.5467012737 0.349177447655
-0.538613052309 -0.567737621777 0.384799596641
-0.506009503902 -0.591318116797 0.418340617654
-0.473535768333 -0.619080268439 0.448628124473
-0.441922258494 -0.654088763786 0.471365653884
-0.408377723028 -0.690420887068 0.488612581265
-0.367494551278 -0.715466530997 0.509681148873
-0.322807748647 -0.724507469407 0.53543077144
-0.279946773903 -0.720745654509 0.565326373196
-0.23526946687 -0.728504789316 0.591583502953
-0.190803600293 -0.748274238669 0.611049155865
-0.144544088634 -0.768146359292 0.626407018938
-0.100599341875 -0.796451563242 0.630061242215
-0.0502338320138 -0.807447177377 0.639356695291
-0.000766334148591 -0.803249794265 0.656020265953
0.0421486485226 -0.783878113784 0.678945326306
0.086391227172 -0.765868605954 0.700419767881
0.134475019129 -0.754350968633 0.717891557414
0.176795156667 -0.732014219287 0.739258140973
0.207830949574 -0.696175210414 0.761561861014
0.223814726147 -0.649845074436 0.78006381354
0.25510120292 -0.609549111552 0.792059317785
0.282269070192 -0.565274338024 0.799694231482
0.285526742944 -0.513130550296 0.804548901487
0.294864326051 -0.461590191311 0.804515718324
0.320475888701 -0.416221603073 0.799002160488
0.358885292213 -0.381206020085 0.792260690078
0.390331426471 -0.340281033114 0.783422621773
0.406857185341 -0.292029276363 0.771544434482
0.406420011506 -0.241532552646 0.757631180849
0.387476752199 -0.194773976322 0.743349433633
0.362784064179 -0.150747991879 0.729325339657
0.353874858675 -0.102768831033 0.710272365538
0.361392643047 -0.05562151226 0.68873145881
0.384609387937 -0.0142313230109 0.666585098013
0.414277974664 0.0213794791706 0.641787476838
0.44002375928 0.0561423603655 0.6122101043
0.449502467956 0.0949611257936 0.578347640984
0.441084776285 0.133352111608 0.543748255748
0.443540288433 0.166950170766 0.503653009247
0.463124704072 0.194444480742 0.463584474583
0.496383157538 0.214373458286 0.428340432285
0.521627801389 0.238583843915 0.389352892081
0.532318513323 0.269391175177 0.348344778872
0.526682909878 0.303013304337 0.308543307603
0.515939751825 0.336732189018 0.269916576887
0.515346721857 0.368860204984 0.228547756557
0.530449928712 0.396156204704 0.186422384747
0.555508497481 0.418510356622 0.146155255699
0.578924240239 0.440609203987 0.104858699992
0.59886124607 0.46355691968 0.062227315368
0.63232999847 0.478199714854 0.0245042014955
0.665984903572 0.490405890806 -0.0137188093214
0.707203311466 0.490787475467 -0.0460873008834
0.748833941884 0.48454085169 -0.0773463499264
0.77845625281 0.483771046119 -0.120537679375
0.792137178844 0.488869285378 -0.170844676299
0.799673032251 0.492566356745 -0.222670281149
0.795435017942 0.498385367792 -0.274562037712
0.778596727214 0.50634893121 -0.323499850795
0.746691635401 0.520195455747 -0.36276484212
0.704817115057 0.539823515359 -0.387597825585
0.662669672736 0.558626078981 -0.412470669959
0.626722805639 0.572510176821 -0.448028974091
0.594503589236 0.583482174633 -0.487869968666
0.558816900793 0.595785138567 -0.524774302566
0.522074901201 0.607013429045 -0.560365988799
0.479795995756 0.620903607074 -0.587954242636
0.434558862096 0.635975554376 -0.609665064466
0.387141050749 0.648617238426 -0.628248151044
0.342217769552 0.653773781743 -0.654659855163
0.300803764606 0.651820123304 -0.686735639467
0.25227403932 0.649595833439 -0.706532406563
0.202036303281 0.643783327096 -0.720209906459
0.149608773619 0.641462307779 -0.719466576609
0.0980946927942 0.632828457445 -0.715396875917
0.0499594845951 0.613242566416 -0.721839805033
0.00890673845334 0.586178848835 -0.739870660744
-0.0199621709946 0.553741852512 -0.769158788552
-0.0336398746616 0.51922449527 -0.806114598777
-0.0519359201105 0.479966343505 -0.835606876398
