0.270148849136 -0.567635587792 -0.323015759001
0.267966611196 -0.589124665783 -0.275288086437
0.270816255393 -0.609940097269 -0.22715369773
0.268757185372 -0.628499097108 -0.178101144876
0.274208788222 -0.649071946782 -0.130112429739
0.292738656682 -0.668806246031 -0.0851475145096
0.315511953967 -0.684764187683 -0.0407136608283
0.348200347917 -0.697955065565 -0.00194409258159
0.378098771836 -0.704067746816 0.0408937601125
0.399291382447 -0.70258555011 0.088932659241
0.409599638692 -0.693651191164 0.139577514142
0.406846417312 -0.678505455512 0.189686218777
0.394566904699 -0.658140263911 0.236396518987
0.381483912702 -0.635454511883 0.281809233168
0.387340349259 -0.610569448222 0.32793455713
0.403858057344 -0.583637725547 0.370027906795
0.413129984468 -0.554077886561 0.4124277622
0.428918120276 -0.525575974117 0.453547526275
0.427020081062 -0.493509511256 0.494966685716
0.405886532974 -0.461872217078 0.531094177771
0.379078540672 -0.430786150049 0.563763569358
0.3444896995 -0.40215196926 0.590695735857
0.299258531643 -0.380689236883 0.606056657061
0.248360978109 -0.368515872367 0.608375636602
0.197077932038 -0.366678928356 0.597776407892
0.150503274505 -0.375636097222 0.575483921096
0.114057345053 -0.391927075945 0.541599404398
0.0919435245916 -0.413674380913 0.49941316494
0.0587060089891 -0.423564562323 0.460177567276
0.0160264663391 -0.422822088833 0.429848157105
-0.0317015383196 -0.41175726885 0.411367600162
-0.0797882428925 -0.391593510787 0.406587930392
-0.123358075337 -0.364247269482 0.416352049972
-0.157989719665 -0.332683572835 0.439712288743
-0.189493334671 -0.300127182677 0.465956603783
-0.228168533191 -0.269027819538 0.482666261517
-0.256080193445 -0.236274460113 0.512500931133
-0.284497600766 -0.203197355135 0.541480284066
-0.321514002286 -0.171318216483 0.560402989868
-0.348308194401 -0.139247357906 0.592089562518
-0.379957077857 -0.106865100265 0.618393013311
-0.42020765653 -0.0761051559684 0.631646164743
-0.464672883384 -0.0485185610659 0.634291676009
-0.507707663926 -0.0187434613393 0.632131336966
-0.543155042297 0.018185642031 0.643146466769
-0.573027813737 0.0591133390408 0.657104694206
-0.603629771473 0.101285258422 0.662500523799
-0.624198406712 0.148053153902 0.674249069628
-0.631720185462 0.195621484352 0.694858755692
-0.645146682742 0.246082740068 0.699104675339
-0.663365085786 0.293370425294 0.685835838732
-0.68195240103 0.332258870728 0.656013736564
-0.697037248012 0.360968411504 0.614793459783
-0.707093829387 0.383977196346 0.568743982153
-0.707733792564 0.417267610913 0.528182436526
-0.698932973214 0.45789301019 0.495890032769
-0.679919572741 0.503602200188 0.477473193395
-0.672118399882 0.547405385225 0.449471146909
-0.665169477918 0.584276162344 0.41224219688
-0.651498584915 0.608902997568 0.367329115637
-0.639369463694 0.615659199966 0.31658344169
-0.621414420734 0.620964181707 0.267600862793
-0.600793362211 0.616925515284 0.219264000737
-0.587976400261 0.597929047098 0.172143072294
-0.576699061609 0.579732324114 0.124254056989
-0.556277092378 0.566678092243 0.0777793371631
-0.527027134698 0.566030714018 0.0341723662433
-0.496114336959 0.561416961086 -0.00800019488333
-0.459192465844 0.567051300426 -0.0447104725216
-0.420759676028 0.565929174323 -0.0803907084084
-0.387500185997 0.550057138648 -0.117633888852
-0.363331818814 0.520326794822 -0.153362345938
-0.343886536043 0.485088937543 -0.18700536278
-0.316967850219 0.456599444965 -0.221759244661
-0.289750939531 0.427363913709 -0.255646390398
-0.26349851152 0.396142837071 -0.288488324223
-0.230014365598 0.373514894234 -0.32193151433
-0.191005339363 0.360679438751 -0.354475504283
-0.148391229576 0.357951672043 -0.38506378484
-0.103967633237 0.369396343162 -0.410331452255
-0.0591912314487 0.385408670255 -0.432621662777
-0.0136492981876 0.390022081707 -0.458338519833
0.030514970389 0.38437945626 -0.486192782404
0.0715989001356 0.369508626198 -0.515061570053
0.11852109632 0.364458465919 -0.537773177033
0.168522206888 0.368831953932 -0.552926702581
0.219204207054 0.379942945297 -0.560792443146
0.268214270942 0.398455807662 -0.560576855248
0.318724052843 0.412237009281 -0.561610902054
0.365699212025 0.434258300178 -0.554585128319
0.413701303758 0.453914890902 -0.547317516702
0.465318003064 0.462126819146 -0.544276768447
0.516995935117 0.454408320319 -0.5475580403
0.563304025739 0.431777206821 -0.556743333168
0.599748421603 0.39693008985 -0.570831458195
0.622753088912 0.35331572467 -0.588426164233
0.629926538951 0.305285509569 -0.60798793284
0.620608601188 0.257661397402 -0.627639386487
0.595772662741 0.215178523877 -0.64551328462
0.557852589454 0.182106371787 -0.659998929676
0.510472769819 0.160719751044 -0.666271486222
0.458711091956 0.153225167967 -0.663815890121
0.407037169584 0.15243844509 -0.655025109455
0.358169413394 0.134683756499 -0.648496222573
0.316575202536 0.102853371473 -0.646451022069
0.287878884955 0.0589879648535 -0.646353541443
0.271345647517 0.00917692764042 -0.646295309556
0.257084661796 -0.0410333013344 -0.642213096309
0.245288226494 -0.0914812910089 -0.634499922989
0.242211975386 -0.142963535413 -0.625473153428
0.241147788819 -0.19374450539 -0.612768135107
0.251792294943 -0.24363431065 -0.600906138671
0.277021035159 -0.288507185151 -0.591299419435
0.302531722537 -0.332474592279 -0.578749998947
0.319336181332 -0.377479321914 -0.557932763463
0.324702924018 -0.420784820576 -0.529000625321
0.3163081876 -0.458618503695 -0.493791873937
0.300452140473 -0.490214760521 -0.455122190052
0.28363984542 -0.517588884341 -0.413692037858
0.273343985236 -0.543873325868 -0.369593828627
