0.748360248873 -0.300375413664 -0.32589050486
0.737737545195 -0.336490880825 -0.28933906662
0.739968819693 -0.364062227821 -0.244841651347
0.727993828782 -0.39651414501 -0.205489320096
0.701403565593 -0.430407555547 -0.175659060073
0.662743033901 -0.461249594681 -0.158311803551
0.621371766373 -0.487947551469 -0.140334855799
0.582054006191 -0.510150032911 -0.113763823743
0.536683598334 -0.527945686368 -0.0945029272594
0.488510221916 -0.540843134153 -0.0785286700338
0.445987098717 -0.548458355476 -0.048814319999
0.407911770061 -0.55500204123 -0.0134053013724
0.361822152267 -0.556769054262 0.0116459029448
0.326146528286 -0.557909435499 0.0500177410362
0.293604803946 -0.557902443676 0.0910380666297
0.253096789864 -0.553339585178 0.123916748337
0.208036107449 -0.543734549348 0.148817400809
0.171057980807 -0.52993465184 0.183239017151
0.127868423722 -0.5119128253 0.206759383495
0.0946958555653 -0.489669703744 0.240632503944
0.0768042955647 -0.467910145976 0.284825789429
0.0542706467132 -0.444453943186 0.325874817253
0.0215329679334 -0.418586211649 0.357801465273
-0.00362555589654 -0.392667024825 0.395717371139
-0.0345850508726 -0.365526424389 0.428070924103
-0.0749640857869 -0.337851480817 0.446651617398
-0.119395330526 -0.310091509477 0.447280993032
-0.157138613606 -0.276278380114 0.460574029733
-0.185257086044 -0.241399712993 0.487727485574
-0.216565263766 -0.205430008486 0.509712596005
-0.233090740109 -0.171782985951 0.546787188816
-0.241471405379 -0.141103822617 0.588406700109
-0.237961811012 -0.117953380365 0.6352544995
-0.22169988787 -0.105069161092 0.683346680706
-0.194286551341 -0.103435769812 0.72796256988
-0.162610674167 -0.105712276484 0.769853499624
-0.139397884655 -0.097019353387 0.816036079406
-0.127687564551 -0.0769091441562 0.863021520922
-0.113073202284 -0.0588146183574 0.910011749968
-0.109485531631 -0.032266830689 0.95509527133
-0.113735723069 0.00339434834795 0.993348519028
-0.126400169226 0.0457831383443 1.0215399631
-0.145058375028 0.0929344746335 1.03496711678
-0.169966744803 0.139061535044 1.0318022625
-0.195602065751 0.18436057966 1.02542410747
-0.219583367836 0.229552820874 1.01404475058
-0.235558207497 0.278903314622 1.00583893724
-0.245148762196 0.32992491794 0.998019496701
-0.258978524062 0.375000133712 0.975082125695
-0.274956402237 0.411531072247 0.941052078797
-0.292175205841 0.43550848842 0.897626662043
-0.311327639672 0.448093886484 0.850400035558
-0.330039820479 0.461106195344 0.803238392803
-0.35080857179 0.458364131866 0.755103484544
-0.369977357282 0.459638527943 0.705805276006
-0.381940284652 0.468682684752 0.655626314419
-0.391569810961 0.478514470677 0.604921456792
-0.399988155568 0.492037302599 0.554538900406
-0.407042874331 0.508298173175 0.505033677529
-0.412027055493 0.529552169503 0.457303242113
-0.416484208992 0.549965841915 0.409226340784
-0.419095362643 0.574071633748 0.362618229897
-0.423783658068 0.587313334884 0.312147697126
-0.431900175933 0.585259077092 0.260455110884
-0.441240550923 0.572427167453 0.210561822913
-0.451377332896 0.547946388538 0.165383400563
-0.46180810256 0.513327028073 0.127433264579
-0.471275691574 0.478634818023 0.0893748805638
-0.479539187243 0.446710645729 0.0486120645336
-0.48663700107 0.423017397022 0.00245716353496
-0.491810958666 0.415136657892 -0.0490588847033
-0.496567113576 0.406466827638 -0.100534040255
-0.500759614178 0.396663983361 -0.151860736145
-0.499234876111 0.402764325237 -0.203959811703
-0.499541565153 0.3921889115 -0.255312676879
-0.497532103755 0.38681223349 -0.307427503211
-0.487740144177 0.396700543964 -0.358434496108
-0.468755460184 0.412601183181 -0.405009966198
-0.450943658751 0.401449383925 -0.453308864041
-0.425333792566 0.403061702983 -0.499020715304
-0.395208540009 0.406577308463 -0.541847843051
-0.365047309562 0.394989078082 -0.583245327695
-0.340493212845 0.36756804487 -0.62074982933
-0.324618908882 0.328120237947 -0.651351877042
-0.321150728919 0.279569421018 -0.670803233599
-0.322775450096 0.22870641476 -0.683731794404
-0.310367920551 0.182203976995 -0.704571163931
-0.284192967632 0.145849260084 -0.731808331747
-0.249155209544 0.119281427072 -0.760271469662
-0.215328186139 0.0843378096212 -0.779891678543
-0.182679639074 0.0450931015624 -0.791768296306
-0.16051789846 -0.0023470393779 -0.794028007813
-0.141251377565 -0.051031941187 -0.79365173293
-0.11706122881 -0.0974435233317 -0.795984623066
-0.0797093993078 -0.133526345228 -0.802713786335
-0.0418635012887 -0.169699899839 -0.804248731179
0.00445817012419 -0.193744133674 -0.808475832056
0.0508478235456 -0.217972287277 -0.80690306554
0.1025976783 -0.22565133188 -0.809217586453
0.154831344165 -0.229416195201 -0.808583977107
0.206205787859 -0.219374386051 -0.810002189505
0.257979825689 -0.21497403612 -0.803538456028
0.306772525192 -0.223204544118 -0.786432142309
0.35463908152 -0.228583211031 -0.76590814065
0.402920746419 -0.218378956414 -0.748381181538
0.449068846044 -0.211186617823 -0.724721820295
0.492094937905 -0.20770617722 -0.694890760985
0.533408248211 -0.194038614884 -0.66567552415
0.571401243477 -0.1649648611 -0.644297293626
0.603823169941 -0.124644741347 -0.636240768279
0.636692059765 -0.0852594461795 -0.62572071538
0.674031039069 -0.056625820098 -0.60274838723
0.71201233864 -0.0417502409569 -0.569917991558
0.74686529185 -0.0419573060417 -0.530842498626
0.775382647075 -0.0571735514772 -0.489649749081
0.794550219543 -0.0858307073332 -0.450241532887
0.802361873746 -0.125285919949 -0.416711898166
0.798185294079 -0.171590120221 -0.39262502047
0.778937064746 -0.218246402912 -0.378685721
0.75723408232 -0.26256812121 -0.361177410173
