0.356188024253 0.162701671658 0.703302182306
0.395439925776 0.130100614759 0.715145737798
0.439888074586 0.102020463992 0.712629892641
0.480789456753 0.0694033276094 0.716359131468
0.514886899938 0.0312306633302 0.729003797767
0.546280787285 -0.00981453875504 0.738393655225
0.580641003977 -0.0493666703308 0.737965548317
0.613215319721 -0.0901821777035 0.732994435714
0.643019193866 -0.132196827477 0.722908986597
0.66105425533 -0.181458521577 0.720864607025
0.669570932289 -0.233159258089 0.722943565845
0.673993825957 -0.284877911893 0.73082318529
0.682514388314 -0.336316141417 0.7251532727
0.689393590286 -0.387251875056 0.714667989464
0.69653240993 -0.436258155894 0.697467003751
0.701412523834 -0.484262786294 0.676952821704
0.705172753553 -0.529902404372 0.651494678913
0.70221301902 -0.575600308304 0.626068399613
0.691751777524 -0.621514701498 0.603073222339
0.671660267154 -0.666869121899 0.586185263718
0.64465840388 -0.709630064961 0.572204975007
0.616065573509 -0.749783191854 0.554197321236
0.595015884395 -0.78482791256 0.52145547576
0.581113403497 -0.812633433863 0.479289071523
0.572249945198 -0.832784690153 0.431723486486
0.567462397589 -0.845002306607 0.381014697571
0.567932127136 -0.848242560502 0.328566369115
0.571530338384 -0.843924315092 0.276186130594
0.567006725818 -0.839807421135 0.224099394825
0.55046670177 -0.838521943988 0.174406957151
0.525921064955 -0.837454497173 0.128105289133
0.493014069692 -0.837721734154 0.087354337756
0.462567911826 -0.830188184411 0.0452397353054
0.431408284232 -0.81825730431 0.00485364273119
0.39721660712 -0.803928164602 -0.0322590152135
0.368121619819 -0.785915906391 -0.0721197143183
0.352563540528 -0.760543688977 -0.115484684529
0.338936380971 -0.734523419922 -0.159095103135
0.311275682273 -0.715316609729 -0.199665063961
0.269445124414 -0.702695070149 -0.2291277321
0.220312401396 -0.701482685782 -0.248047527629
0.171145230134 -0.698308171779 -0.266568272505
0.119666348344 -0.701707319437 -0.276459839878
0.0690364051343 -0.70456168355 -0.289689150003
0.0197707482332 -0.702084733927 -0.307495685473
-0.0212957596382 -0.688032212575 -0.336849033523
-0.0507676165151 -0.66454623273 -0.373475767802
-0.0820579741315 -0.641392452671 -0.409026613619
-0.123797760507 -0.619601840621 -0.43278848184
-0.157508508056 -0.587971964875 -0.457638914371
-0.191359268577 -0.553667848161 -0.478473495854
-0.22147613203 -0.515124665366 -0.497341225653
-0.25780010038 -0.480081428188 -0.511875022668
-0.294929042542 -0.445537004117 -0.525563214435
-0.32735048986 -0.407443563115 -0.541562379797
-0.345574491971 -0.362831954193 -0.562480394169
-0.349841100839 -0.314227849948 -0.582211775885
-0.366585137549 -0.266317560153 -0.59550117094
-0.375409683718 -0.216714997218 -0.610047227441
-0.398236215826 -0.17012141733 -0.617969611226
-0.42466640111 -0.125244575783 -0.624523746334
-0.443800936996 -0.0771982438758 -0.632920612905
-0.468018956473 -0.0310743462072 -0.638538585754
-0.481433557389 0.018771822625 -0.64771792548
-0.486960645838 0.0697621895022 -0.658593248956
-0.507702037989 0.117443303233 -0.665870417023
-0.545539729195 0.154136752801 -0.662508691241
-0.582561114761 0.190507219186 -0.65441822693
-0.626000277524 0.211721647032 -0.633981049904
-0.668915970183 0.225233091112 -0.6071829559
-0.703030589551 0.255592490207 -0.581522223714
-0.739718741855 0.273323504973 -0.548572807996
-0.77475109325 0.284862086352 -0.511397944568
-0.801950175457 0.310088497601 -0.47441437035
-0.818061435299 0.347730294028 -0.441729168486
-0.81889793867 0.393035948313 -0.415407159378
-0.806122935692 0.44136807978 -0.399669471204
-0.781317700631 0.487407467183 -0.396298120501
-0.749356626106 0.527244103257 -0.408051334018
-0.714479952677 0.557134163956 -0.433298846008
-0.67906679781 0.58200586769 -0.462873669592
-0.644042926116 0.617537107177 -0.479009869724
-0.611856649552 0.658797762985 -0.475432064182
-0.581307574991 0.69892881031 -0.46113890979
-0.542207617874 0.733610701281 -0.455261772616
-0.502713586798 0.765843745744 -0.443208340591
-0.458280250613 0.792602012149 -0.435883339785
-0.411992572247 0.815490831128 -0.427163654735
-0.365844081904 0.83571033335 -0.412910420792
-0.322549511695 0.85391608615 -0.389698737348
-0.28237501035 0.86920683387 -0.359759341008
-0.24966944136 0.881634171278 -0.32077230753
-0.227228154624 0.890684372723 -0.274263644677
-0.204279515159 0.895368784747 -0.226700209909
-0.189415765395 0.895964090979 -0.176291055999
-0.181541196081 0.891063797182 -0.124593606871
-0.180163923495 0.881705072685 -0.0726767515866
-0.173985247974 0.867147924742 -0.0226750451484
-0.157111344328 0.848089976098 0.0231858151013
-0.1388612454 0.823268480892 0.0659486771679
-0.136467343207 0.793946672698 0.110642154292
-0.139622865407 0.764808208172 0.154553213291
-0.138454244219 0.734436015793 0.197235444872
-0.135963569154 0.704364351844 0.240080235137
-0.129386620143 0.673862265953 0.282151144157
-0.109364714671 0.642770150327 0.320117858606
-0.0814495502134 0.612875184193 0.353226158885
-0.0454838659935 0.585299012647 0.379749972614
-0.000913417170239 0.563264474374 0.396938338116
0.0414025651497 0.537344299498 0.414319837325
0.0832021310152 0.510836041851 0.432851612678
0.112266236083 0.479658211179 0.464214238195
0.142314788258 0.446674333537 0.492960388561
0.167712976914 0.412109342598 0.523091795817
0.18924804636 0.375953616452 0.554475550326
0.208880336526 0.339109218594 0.586348399879
0.231685814393 0.30209110411 0.615544956737
0.254390849674 0.265016467892 0.644775521586
0.282135884861 0.228690066072 0.670685730373
0.316113723905 0.193503369263 0.689554460395
