-0.471298080829 -0.418447713459 0.63854677748
-0.447831318852 -0.461058835172 0.658056780264
-0.422948285244 -0.504255711937 0.674632992991
-0.397836310248 -0.54884928206 0.686657085505
-0.366423952055 -0.589594281319 0.696877454417
-0.324323943268 -0.619059745588 0.707752193185
-0.278353906501 -0.64370165066 0.714718387027
-0.233828443265 -0.671162357612 0.717983232501
-0.194811249818 -0.706030763391 0.715810417973
-0.155148193163 -0.73980270988 0.710054936809
-0.120873113765 -0.778507550072 0.698332886763
-0.0820259781392 -0.810984896393 0.684533260316
-0.0503475842073 -0.847691555456 0.664650171744
-0.00907723411267 -0.874973090959 0.6474724025
0.0379874973472 -0.89069158384 0.630699438969
0.0889767073007 -0.890911887094 0.618617284311
0.137756871417 -0.872598711117 0.613217507413
0.177212643302 -0.838037994047 0.615026821876
0.209419193427 -0.796682233045 0.616274298125
0.243519831714 -0.757309379449 0.610682598747
0.281940237905 -0.725133126478 0.595495461364
0.32483020492 -0.706508155805 0.57192372649
0.368129863406 -0.701749881356 0.542853223703
0.409673073357 -0.70626702878 0.511284662076
0.451904120976 -0.700000766137 0.480932686355
0.490999703632 -0.679772558769 0.452519824648
0.527085454084 -0.659757566364 0.420270041064
0.558729751449 -0.634583369019 0.38692995787
0.588891494584 -0.609911083979 0.351770538164
0.615545237681 -0.585968328497 0.313564896494
0.642056161216 -0.566646174236 0.272388438386
0.667840433935 -0.548595985621 0.230538169175
0.692047081755 -0.525278025537 0.190233007447
0.714131643438 -0.497534573641 0.151710648234
0.730639201508 -0.457361133713 0.122462190989
0.740480921837 -0.409418641291 0.103868861735
0.746924036006 -0.359669832263 0.0885656151348
0.752577727176 -0.310086545111 0.072514868182
0.750254764202 -0.257588779542 0.0710422199182
0.747317934842 -0.205366494704 0.0684102741301
0.745484131596 -0.153520470571 0.061145133167
0.745461104769 -0.102992928378 0.047378838627
0.740895580476 -0.0512111028781 0.0409140704736
0.731060436222 0.000172400800676 0.0441447574528
0.721352296058 0.0517306772119 0.0443843953943
0.714180210739 0.102845116013 0.0353591948249
0.710878311081 0.148534527761 0.0098630789206
0.707617627537 0.189365489893 -0.0231038302599
0.701887186289 0.227901952677 -0.0582732654009
0.695509077274 0.265231378498 -0.0945137154601
0.683081369588 0.307771979286 -0.122454798419
0.670265532701 0.344754572411 -0.157239647491
0.65349723144 0.384540266218 -0.186945204986
0.643221609796 0.415315846236 -0.228187780157
0.630736894397 0.447934368292 -0.267278827472
0.623439456506 0.471378032184 -0.313635158891
0.610041282128 0.500952095064 -0.354773578426
0.603657826605 0.519123216586 -0.403534877135
0.594538532887 0.537354248943 -0.451758882533
0.577620092281 0.558527146247 -0.496634353725
0.550375051613 0.585707924142 -0.532206298118
0.514146760565 0.61810025842 -0.551725447532
0.47365281122 0.650073493423 -0.56069897879
0.430271954876 0.678493269464 -0.567893304222
0.386079329634 0.699561394508 -0.586481467231
0.345130321656 0.71023942106 -0.617330885337
0.311889766528 0.709592152791 -0.657799232966
0.270980299885 0.709399348557 -0.690539911026
0.222244827725 0.714728910108 -0.709024568446
0.170723682866 0.723930657816 -0.711314555161
0.121507455158 0.734821818494 -0.697059433968
0.0694661779653 0.737186973502 -0.691846608918
0.018383917272 0.729385342226 -0.700263273373
-0.026125971231 0.712287272202 -0.721896684962
-0.059768654485 0.688823714835 -0.754469522035
-0.0968443483655 0.662587847448 -0.781013367388
-0.138438520331 0.63533624512 -0.797405236568
-0.182119250304 0.607754259728 -0.805919787072
-0.228981112935 0.584445478136 -0.803969623927
-0.275972063304 0.56189824117 -0.798934947683
-0.323408172834 0.542084139001 -0.788977746712
-0.369274697944 0.531775244031 -0.765927374577
-0.408656729059 0.531248296449 -0.731422327105
-0.436054374996 0.538640120486 -0.687420114591
-0.461213586958 0.542737042291 -0.64167011842
-0.492634402606 0.533697967282 -0.600768536504
-0.530078294863 0.514638845807 -0.56953028872
-0.56229767679 0.495728274819 -0.532847969897
-0.58576986945 0.481560787554 -0.488244500772
-0.612911597581 0.454989420603 -0.452206904795
-0.638511941935 0.424449751481 -0.418249705931
-0.657023562462 0.398637034039 -0.376605226649
-0.672717742046 0.375003916752 -0.332543661013
-0.688749590472 0.350327844087 -0.289234667296
-0.709763109524 0.316824849291 -0.254913597956
-0.734943516076 0.276399557605 -0.232728122393
-0.75953961784 0.235548659876 -0.211060870564
-0.786392042504 0.190934190123 -0.203042505265
-0.809192726103 0.149278003655 -0.180881438618
-0.825798089404 0.11466560761 -0.145210998453
-0.833788308289 0.0907448580126 -0.0992764202699
-0.826506305399 0.0851935739046 -0.0471870704585
-0.817083957404 0.0726930749604 0.00312175928468
-0.797814090128 0.0690659630514 0.0516848251576
-0.785146612435 0.0516015454406 0.0994034585533
-0.777262193485 0.0256113255002 0.144201892586
-0.7642485444 0.00557930070773 0.190813715552
-0.742409779202 -0.00108285888156 0.237932814261
-0.716390639108 -0.00767800242375 0.282904938601
-0.685863379049 -0.0130849458827 0.325097904954
-0.653205239659 -0.0226933144763 0.364883498558
-0.626085016731 -0.047657225326 0.402075841217
-0.602075506153 -0.078004712906 0.437346127746
-0.588007655647 -0.118526299029 0.467463895713
-0.576831580339 -0.16194902937 0.494538768045
-0.569553400515 -0.208381401959 0.517758979302
-0.555274860948 -0.252112018964 0.542761918396
-0.53405990944 -0.29195235648 0.569531677786
-0.512927793583 -0.332873375214 0.594749497294
-0.493306311971 -0.376176505758 0.616739999689
