0.183439207459 0.0571571653352 -0.210300439161
0.233422624371 0.0555330447755 -0.19479581069
0.282637596301 0.0418803667041 -0.183111692323
0.32847490351 0.0184306781275 -0.173517268761
0.374609495777 -0.00320945899478 -0.16148472557
0.422318272187 -0.0173202639008 -0.145168895555
0.469573200427 -0.0199803572698 -0.122578506156
0.516941122085 -0.0291526464671 -0.102114135595
0.561776057092 -0.0307469918202 -0.074902562433
0.604160094238 -0.0269006765151 -0.0442365620016
0.640610140684 -0.00878379778236 -0.0112825084584
0.680169369694 -0.000662595256294 0.0220545549685
0.719528350706 -0.0105634989238 0.0551447303556
0.754212245629 -0.0367524904305 0.084361315703
0.781543576212 -0.0756979797809 0.10621094953
0.803135373674 -0.121433712331 0.119868259419
0.824754851088 -0.166359630099 0.135925683597
0.843822344747 -0.213243327756 0.149540951503
0.861525041953 -0.260485254059 0.164017295682
0.877334747648 -0.308839985655 0.176476073215
0.900748609871 -0.349171243207 0.200344926455
0.916364957233 -0.395112311539 0.220040722026
0.919345848282 -0.446554759588 0.229328676092
0.909368312844 -0.497901114151 0.227045258566
0.886828997067 -0.543133947345 0.213366553423
0.855061387453 -0.577379672042 0.189714711493
0.818140314407 -0.597351435258 0.158386185135
0.781693483874 -0.601901431243 0.12104089315
0.746817153223 -0.589070196502 0.0840949992438
0.72008605459 -0.561966434688 0.0481052943718
0.704189876541 -0.523186986083 0.0166571237091
0.699169982198 -0.475862555398 -0.00520879505893
0.704680478971 -0.424556243463 -0.0141273506444
0.715579137757 -0.373360786381 -0.0122295347993
0.711452854136 -0.321356905489 -0.0169503146447
0.705642897126 -0.269162545424 -0.016336060209
0.705045746447 -0.217907961641 -0.00547368043377
0.710608878229 -0.170599801807 0.0163007527093
0.699225836624 -0.121363919164 0.0302036134244
0.68083338251 -0.0745943722181 0.0449514323647
0.666030616428 -0.0308617502054 0.0697637045707
0.642752872621 0.0101155377545 0.0926324993317
0.608453343715 0.0461973302463 0.108941039489
0.563703288445 0.0737329755413 0.114336792292
0.515321501003 0.0939534313242 0.115497606244
0.46624302066 0.111816925933 0.119484222983
0.416522013404 0.128308472113 0.122294967095
0.368468396907 0.147352380343 0.131627876415
0.317199177317 0.158034859497 0.128338740301
0.268365891362 0.174950785036 0.13676037643
0.224368387492 0.197753700903 0.154183375633
0.174615778368 0.213477144513 0.158751565618
0.124330073964 0.2281072423 0.160599110432
0.0769814390707 0.247339023077 0.172418554157
0.0259112010768 0.259033280381 0.172242779389
-0.0250804800506 0.271196073542 0.171250000303
-0.0749915944284 0.286818524617 0.175456831135
-0.12628039725 0.297759867008 0.176372877257
-0.177586621438 0.301768947867 0.165883781184
-0.229313192994 0.310546212149 0.161253168095
-0.280192096022 0.322413496375 0.167278711878
-0.324173191721 0.340679195786 0.189168986781
-0.367517443769 0.359275416905 0.212366066182
-0.412561579643 0.375832908616 0.233891552548
-0.463506332341 0.384457198455 0.24312363479
-0.515795177368 0.383999521908 0.238414382005
-0.566457820413 0.378171540677 0.226490596746
-0.615902289498 0.369251639809 0.211008082397
-0.665331966815 0.359347938955 0.195802239558
-0.714747815956 0.349143508315 0.180801589223
-0.765871585906 0.341705850696 0.172133819066
-0.815243051561 0.330616098859 0.158459789651
-0.857501654102 0.312367023578 0.133293838042
-0.890331854887 0.288668521402 0.0996064361541
-0.913766785601 0.262045165269 0.0608536972419
-0.918007764079 0.22946547899 0.0200482130129
-0.90255761267 0.196185255284 -0.017319526864
-0.871577195806 0.163863751499 -0.0444858543047
-0.82859954104 0.137917510023 -0.0594504369908
-0.779060975507 0.121595761693 -0.0651767801247
-0.727536935962 0.112261938833 -0.0668325204669
-0.675262219218 0.109143628509 -0.0651499217197
-0.623848232079 0.0991946738168 -0.0673805805975
-0.572456807249 0.0896050404638 -0.0703493653024
-0.525830964212 0.0688025425729 -0.0819610084178
-0.486432309968 0.0399264200524 -0.100913827849
-0.455151780593 0.00468578849042 -0.123790305959
-0.436069567596 -0.0360900915258 -0.150619187217
-0.433322959977 -0.0814453028473 -0.176700986243
-0.447422602123 -0.126667337511 -0.199077222457
-0.477414070244 -0.166636054833 -0.214743254296
-0.512814961828 -0.203919655581 -0.224675568934
-0.557774201032 -0.230721384955 -0.226263719104
-0.607742240662 -0.244962700853 -0.219706926583
-0.658119321072 -0.244991728142 -0.205403096059
-0.703629471414 -0.23059778222 -0.18384688088
-0.741043903088 -0.201703695832 -0.161287469314
-0.767079822211 -0.161365485466 -0.140328901659
-0.781546385143 -0.114278308037 -0.122496096382
-0.782106190923 -0.0633963779227 -0.110123049376
-0.766560354386 -0.0139785416403 -0.102501889348
-0.736712823097 0.029032880238 -0.101491850092
-0.695240563828 0.060626866896 -0.106414311331
-0.647631541187 0.0796273448878 -0.117075845591
-0.598182255531 0.0900868420348 -0.130732427809
-0.548350894643 0.0981587386179 -0.144638261276
-0.500286295881 0.117261198079 -0.152794591598
-0.451566426234 0.134459524422 -0.16142176698
-0.401462097412 0.137792892819 -0.176443811371
-0.353331583529 0.124381960694 -0.192563054722
-0.314623870269 0.0899209835004 -0.203821345957
-0.270109755063 0.0690304672185 -0.223098357197
-0.222489653583 0.0511171242169 -0.236717636033
-0.173131173864 0.0367984996956 -0.246983605199
-0.121480375081 0.0299191763235 -0.252157064857
-0.0695806694095 0.0247096949298 -0.256884166274
-0.017295087238 0.0278627169764 -0.256998856111
0.0335182754391 0.0389616171758 -0.249567061933
0.082208878483 0.0537146987185 -0.236490773485
0.132729427077 0.0578934748776 -0.223314453008
