-0.356775598161 -0.800996877113 -0.12378006211
-0.353838571191 -0.767962671172 -0.164319404042
-0.338574362815 -0.740391256623 -0.206153454553
-0.32110677947 -0.709637908471 -0.24485559234
-0.298494277263 -0.678430656266 -0.280450277958
-0.261143021467 -0.657203404314 -0.310433566929
-0.213998863537 -0.650439899165 -0.332242351749
-0.163947607885 -0.65866004165 -0.345315647876
-0.11701420125 -0.681852351636 -0.347324735228
-0.0773763413312 -0.714834174288 -0.337956312679
-0.0321147612639 -0.740959412618 -0.33441480992
0.0183891344283 -0.753826236756 -0.339566169715
0.0689325050426 -0.75193942065 -0.353115309436
0.114991243737 -0.736691150179 -0.372851550239
0.160171816328 -0.717618773959 -0.391237128695
0.197105023754 -0.687853133566 -0.413472596306
0.221118476087 -0.647163918824 -0.436112789949
0.229282735509 -0.602219660699 -0.462406935878
0.220256174713 -0.558671483074 -0.492027048338
0.214296663333 -0.506283387201 -0.499220243293
0.215718273564 -0.455628215156 -0.512652148117
0.225197760615 -0.405712305718 -0.526329968695
0.238410321644 -0.356480905186 -0.53930310505
0.262282425442 -0.311111534167 -0.551150978255
0.291365783229 -0.269754329951 -0.564849056061
0.32482966601 -0.2300992892 -0.572918731985
0.36218172788 -0.193536924341 -0.576296675958
0.408988945626 -0.170066915629 -0.57463038808
0.457770925171 -0.152193672225 -0.568107570675
0.507605343956 -0.14058049946 -0.55688422153
0.557742052201 -0.141497966376 -0.541312899342
0.604515499573 -0.146701276983 -0.518148110757
0.650304188061 -0.137608149033 -0.4941912311
0.690985682402 -0.112741848697 -0.47219232929
0.725650269705 -0.0789029882414 -0.452290869096
0.764331829838 -0.0562758984529 -0.425193597142
0.797276799124 -0.026709680922 -0.397147652551
0.818128049713 0.0145042014867 -0.372390024199
0.82244482681 0.0634687591747 -0.354136988392
0.8092967194 0.11315780008 -0.343738332229
0.802192668252 0.160137076405 -0.32152023183
0.805664791039 0.199134500259 -0.286563613738
0.821177602123 0.228661394846 -0.245980629987
0.845953870439 0.24709824436 -0.203636473196
0.866943514395 0.269317950497 -0.161059044563
0.882739931387 0.295885748868 -0.118734243224
0.893425926489 0.329616834735 -0.0800322328031
0.891632791149 0.37086098639 -0.0475849000761
0.874699168455 0.41386270182 -0.0227808374176
0.84505424901 0.450702533408 -0.000173565132018
0.81067326415 0.483775030026 0.0219003362901
0.776868259093 0.513729448138 0.0485860437121
0.736026453672 0.541622435456 0.0658986048872
0.688617862267 0.564301751371 0.0671549835868
0.640561795726 0.585310082765 0.0662114937014
0.593036602706 0.605417310976 0.0568194507317
0.545094128135 0.625109817686 0.0488399425416
0.496831572694 0.644903768893 0.04396879702
0.447433615037 0.662879794209 0.0456282956395
0.397748332187 0.677772476439 0.0531020852046
0.346611497396 0.689261970995 0.0538991492762
0.295893474167 0.691016971428 0.0409839554174
0.2438612862 0.693949929585 0.0358798883915
0.191748646956 0.698838856592 0.0383787745659
0.141773909039 0.706937103904 0.0517336115487
0.0899508812599 0.707396743948 0.0604677157382
0.0385794089867 0.704880217741 0.0713222647606
-0.00888616944667 0.70352837811 0.0935411005073
-0.0473234377369 0.708508010886 0.128783658545
-0.0729992818823 0.718870811911 0.173245795129
-0.083046139318 0.733543242763 0.222515059992
-0.076526052154 0.752538601116 0.270937081081
-0.0610779789212 0.765748900515 0.31937917922
-0.0633832937193 0.768824197157 0.371750514843
-0.0814977258879 0.759915071017 0.420168662148
-0.111471919619 0.744295488482 0.460323046692
-0.152850879187 0.727158608782 0.48758588044
-0.198080261482 0.709549935509 0.507463184362
-0.244373223067 0.68920788758 0.521251270521
-0.29143273513 0.666689130399 0.516356310029
-0.334526349975 0.638089263031 0.52459042003
-0.368805798464 0.606561238463 0.548580506714
-0.394195152308 0.572995783469 0.580193986124
-0.42564813482 0.533843907175 0.595197458257
-0.459590392083 0.494199883515 0.590628010244
-0.491732269757 0.459481937357 0.568100657439
-0.523070589466 0.430736994081 0.537071767881
-0.554522791227 0.392613841413 0.519101853614
-0.58468608466 0.351631703399 0.50669811113
-0.614384242535 0.312852892549 0.487788416945
-0.643068061299 0.278745611635 0.460304187284
-0.671511253554 0.242847589054 0.434876467046
-0.699522465922 0.201193383262 0.419978022475
-0.723541093447 0.155804305335 0.409546113795
-0.743810498523 0.110506889777 0.392749054101
-0.758728603846 0.0696163446503 0.363621790591
-0.769105074228 0.0256822278955 0.337041365878
-0.774804237646 -0.0226681320695 0.31777039749
-0.775569549832 -0.0741437491599 0.307828418593
-0.77148851876 -0.126432970297 0.306643165897
-0.767301307519 -0.177869548406 0.296870150322
-0.761030420136 -0.229390136091 0.288820412991
-0.750497217521 -0.280260078532 0.298852832526
-0.733984058183 -0.330809427042 0.299588295057
-0.719602891423 -0.377682392266 0.281123965738
-0.702969962194 -0.426867596467 0.273069435755
-0.685847800673 -0.47507430895 0.26181688023
-0.66830801295 -0.52177143401 0.245560072601
-0.649407798558 -0.569833154669 0.236706065962
-0.63025783693 -0.616803676275 0.222215137684
-0.608777847708 -0.662470868076 0.207697842223
-0.582520642251 -0.707863640732 0.20876991338
-0.554295766445 -0.748444617031 0.191150325381
-0.527195489509 -0.779547289608 0.15873792804
-0.499962369453 -0.803360871295 0.120854026386
-0.470199347454 -0.822356897617 0.0820660722894
-0.434275232302 -0.842485888961 0.0494724328466
-0.401165628228 -0.852394362745 0.0101255383701
-0.374700406429 -0.849369827305 -0.0349850948095
-0.358421683902 -0.832155417202 -0.081711903319
