-0.0881887727655 -0.4581682506 0.75398779445
-0.0554905860293 -0.434899935309 0.787713517737
-0.0149559980239 -0.411659383424 0.811413808408
0.0310342766952 -0.387526522981 0.818481503366
0.0767437042926 -0.36191542666 0.816692982551
0.120791562181 -0.335760478691 0.805519961519
0.161160608521 -0.312965232855 0.780858144226
0.193627380269 -0.295304728619 0.743639730868
0.227676667159 -0.264899695395 0.71795936368
0.262298421216 -0.227130134419 0.707068459204
0.29423806777 -0.18593063946 0.7120930775
0.320472074091 -0.145502345271 0.732571514734
0.338433632 -0.109771120987 0.766376183948
0.346669163836 -0.082109606712 0.810078997055
0.351799914797 -0.0565211604321 0.855477366332
0.36569840633 -0.0208039591604 0.891158334299
0.386944949715 0.0213495931307 0.913826669951
0.413452702416 0.0658350034762 0.921701287804
0.4428825017 0.10891298609 0.915865292571
0.471095432121 0.146852633575 0.892920138995
0.490436902369 0.170870458987 0.850408474407
0.502834853919 0.188443697289 0.802661212884
0.506433327846 0.194893437449 0.750797690544
0.501880160859 0.190628903806 0.69866172466
0.497380151667 0.191876630114 0.646510199004
0.490077610638 0.188859141778 0.594747481128
0.477280849469 0.173470652159 0.546339303638
0.464646849621 0.160543059164 0.497190567828
0.452106817123 0.151388591939 0.447153191406
0.438713055858 0.141640612124 0.397406620881
0.427113309375 0.139738050308 0.346388771175
0.420396870659 0.151901356128 0.295911812932
0.418657226859 0.17601804265 0.249474223532
0.417678678583 0.20355072458 0.204955107199
0.418386438325 0.235853466166 0.163715803973
0.413585020715 0.260623223811 0.117787949262
0.40839038713 0.286801759618 0.0727435474607
0.403722422325 0.315964092928 0.0294652704201
0.400429479693 0.349310758847 -0.0108243549354
0.394148160938 0.37953239594 -0.0531125200544
0.383786741746 0.404314246355 -0.0980580303375
0.373431582633 0.431069487549 -0.141874482051
0.356852644893 0.446509713074 -0.189075265742
0.337458146586 0.457222192964 -0.236582499772
0.320541256082 0.476770025715 -0.282118252744
0.307791030268 0.506740530275 -0.323110926112
0.301163319932 0.547387757624 -0.355444601575
0.296786763041 0.594625374698 -0.377636683468
0.295629787698 0.646126756179 -0.387058928026
0.28312574915 0.693498763531 -0.405544941215
0.259902222963 0.732350522637 -0.431880180396
0.226721807098 0.756609521297 -0.464433145295
0.189089685828 0.774586465729 -0.496106918014
0.148008960202 0.776198199811 -0.528695816914
0.105103407611 0.773171527498 -0.558687077306
0.06164348044 0.788229574639 -0.584311615796
0.0228180704576 0.818723817622 -0.602950331508
-0.0191011733976 0.845153235374 -0.619954293132
-0.0666649606789 0.857381100029 -0.638116974368
-0.115173094795 0.852466767657 -0.657197015515
-0.158328103954 0.830823387523 -0.67745870164
-0.192310821247 0.795361311938 -0.69559447695
-0.213480139491 0.749959288454 -0.710828551939
-0.219537252597 0.699148044654 -0.721922576639
-0.209735731121 0.648092627507 -0.728146711133
-0.184951981482 0.601972969784 -0.728741567519
-0.155562149702 0.559017820503 -0.722971321703
-0.13767009372 0.509957513749 -0.718642916888
-0.128476470604 0.458841667741 -0.711990099412
-0.128833102846 0.407094337948 -0.704008616904
-0.142941095076 0.35685981605 -0.699705761442
-0.168087260185 0.310933051476 -0.699300917439
-0.196358562632 0.26675247229 -0.699351640103
-0.222324189945 0.221348050364 -0.697067914357
-0.246285407831 0.17496640125 -0.69269385249
-0.259276123952 0.125260122147 -0.682592999464
-0.268498394367 0.0749868417746 -0.669991842527
-0.273091616244 0.024713430621 -0.655420591337
-0.269923480983 -0.0248900182842 -0.638806980097
-0.256811606818 -0.0718186818345 -0.619604510129
-0.256291432126 -0.120911282403 -0.600585510551
-0.267486413751 -0.170613405097 -0.587929800725
-0.290310326593 -0.21743837201 -0.581639228296
-0.322357710801 -0.258965194965 -0.580379140091
-0.350302827838 -0.302843074034 -0.574220508599
-0.369355349597 -0.349291827033 -0.55929897611
-0.378245851666 -0.395300841512 -0.535892132573
-0.372947367831 -0.437163443979 -0.504844213831
-0.354340662027 -0.471178418281 -0.469600781642
-0.33004067073 -0.4977929621 -0.43160341255
-0.320700037615 -0.529249592726 -0.390744754823
-0.329003421305 -0.560323629832 -0.34938936669
-0.353857844879 -0.588075672445 -0.312549586919
-0.391806686963 -0.608952067258 -0.28310409979
-0.43880758204 -0.622020429366 -0.264039035715
-0.488449207192 -0.630999233657 -0.24997455953
-0.530985233984 -0.640704139037 -0.221020568542
-0.561983973087 -0.649431119123 -0.179732755239
-0.578059795954 -0.655814237176 -0.130310022
-0.577809879329 -0.659277602907 -0.0780621429148
-0.57044563748 -0.658826295457 -0.0260396397518
-0.559126936071 -0.65791129013 0.0251458655486
-0.532275631315 -0.657458645285 0.0702222506242
-0.492564367738 -0.657814180439 0.10469921736
-0.449837680216 -0.657711892125 0.135312676112
-0.406932762671 -0.656873580866 0.165333220821
-0.358027494879 -0.656212002078 0.184037533419
-0.306674425349 -0.652048739401 0.193565313501
-0.258151795076 -0.642082841771 0.210571608567
-0.218354332823 -0.627758753908 0.241453250808
-0.190259723682 -0.612881389982 0.283061328615
-0.17663827108 -0.59895564835 0.33167439989
-0.1789647833 -0.587553529932 0.382748624151
-0.188830611157 -0.577506041933 0.433248357649
-0.181016227168 -0.563678584121 0.483194863589
-0.156967047675 -0.546801907638 0.526562747197
-0.140604668913 -0.530139109792 0.573462217688
-0.140304713563 -0.515628049838 0.623778893034
-0.136366229107 -0.499366755896 0.673406044704
-0.121628910654 -0.478950903112 0.719376146461
