0.924135949205 -0.445711676615 0.377993403067
0.937341995872 -0.395868555867 0.387225117574
0.935199140996 -0.346969601272 0.405887823234
0.918828855763 -0.304209553936 0.431496776049
0.910601339399 -0.255407060625 0.448654876897
0.913598265459 -0.203120774592 0.449527836366
0.917990378799 -0.151396407885 0.442622713983
0.906576043955 -0.100346810381 0.444989029816
0.881080187956 -0.0558143453582 0.455404132587
0.843860964588 -0.022954025705 0.472034245854
0.799909739923 -0.00606007086795 0.494992554161
0.755793009713 -0.00594717768276 0.523298110938
0.711062342263 -0.00818553455125 0.550671370951
0.663301354408 0.0031061550878 0.569147728112
0.614540175706 -0.000637721882306 0.587891006971
0.563620147734 0.00285099812496 0.599697489798
0.514397954252 0.0207043337391 0.600863631656
0.472364734396 0.0509903860465 0.593210122786
0.436177587498 0.0871258337588 0.581403948401
0.398615385919 0.121614782065 0.569449266427
0.370377964438 0.162525269753 0.552917292054
0.343325487587 0.204105429002 0.536009008162
0.309732148998 0.241164364299 0.520500448779
0.269817957778 0.271819365339 0.505889413319
0.243694924722 0.312700038845 0.486142067555
0.227735355679 0.357193754335 0.463548233906
0.203700203271 0.398707644201 0.442219800333
0.189800740335 0.443685410662 0.419026461312
0.158276744142 0.480647041333 0.399210199863
0.127023668499 0.517352320095 0.37847331685
0.106475823569 0.558818614621 0.35393631664
0.0931295588676 0.602229662536 0.3277678981
0.0764935233647 0.64445180007 0.301618721065
0.0526313271264 0.683718913761 0.276502061738
0.0165321794234 0.71344273841 0.252881948219
-0.0298724337739 0.728049593873 0.233408746777
-0.076865100888 0.736680897833 0.211841204671
-0.113046799969 0.755135979943 0.178593110516
-0.155057920131 0.764110478031 0.147834604811
-0.191776883449 0.773017437554 0.111326606414
-0.214000414234 0.79107806688 0.067318488793
-0.236179693005 0.80417128374 0.0214062477453
-0.251113047024 0.817693033404 -0.0269724543559
-0.262419105058 0.828606805863 -0.0769638093092
-0.283173819024 0.824478162237 -0.124929948716
-0.312990673373 0.808303244707 -0.16490558815
-0.332076988766 0.80132982622 -0.21322287249
-0.338881040212 0.804546271975 -0.265119602604
-0.34490204348 0.805770641879 -0.317153295242
-0.350079755645 0.806414532738 -0.369336114791
-0.363396297013 0.79872110474 -0.419485151566
-0.373515611763 0.792533710338 -0.470507684759
-0.394122812352 0.775977698668 -0.515728040873
-0.424462600898 0.749522527665 -0.549236856749
-0.460924029505 0.716507105583 -0.567309962392
-0.495686209387 0.683427887468 -0.588294308549
-0.523483385698 0.656500094684 -0.623563163762
-0.545468046272 0.633632871236 -0.665242182925
-0.57525954764 0.602452050903 -0.694955505817
-0.604715392223 0.561462029023 -0.709162897829
-0.635069323845 0.518809481079 -0.707050976956
-0.661231706213 0.474976474293 -0.694145759837
-0.685402744701 0.429391153814 -0.6852273437
-0.704852151116 0.380777791464 -0.684645649472
-0.71967808925 0.330696606254 -0.688564283148
-0.730411737905 0.280484280142 -0.698879098049
-0.732730377339 0.228935898814 -0.708887740956
-0.741348424198 0.179780501857 -0.726381830321
-0.742379311247 0.127279331861 -0.725729745745
-0.735684820773 0.0753228195679 -0.726797096725
-0.723500379673 0.0251088648488 -0.735371655801
-0.70651905754 -0.0243849394952 -0.732908574836
-0.686499407127 -0.0712441894128 -0.720702176318
-0.665803168827 -0.111024531646 -0.693598119276
-0.64649768568 -0.144307527294 -0.658017417046
-0.623511859691 -0.185589309576 -0.635386677551
-0.60073409821 -0.228170702335 -0.615090288509
-0.577326883256 -0.272141424004 -0.5987095495
-0.552998344247 -0.317246402697 -0.587285384169
-0.529489015462 -0.359472847579 -0.567109959999
-0.505715594586 -0.400718987214 -0.545294780416
-0.482055048521 -0.4398384355 -0.519715510046
-0.459182960122 -0.475724428065 -0.489174393255
-0.438892260958 -0.505345300752 -0.451056072515
-0.418928436836 -0.532925149948 -0.411196925083
-0.402932907559 -0.552240883791 -0.365235345392
-0.389567459596 -0.565198150555 -0.316297297588
-0.374526584378 -0.57743605236 -0.26757581533
-0.356708759343 -0.589710618896 -0.219861921283
-0.337691698567 -0.598964453306 -0.171890152356
-0.318907021365 -0.602415816219 -0.122960653768
-0.294297805521 -0.607667906714 -0.0770427844889
-0.263036292061 -0.617509900818 -0.0360806966721
-0.22766331376 -0.631337536646 0.000111569782738
-0.190289719107 -0.655154422034 0.0290940806003
-0.148141946672 -0.677754474181 0.0512142309611
-0.10639334735 -0.686834447212 0.0819397001995
-0.0601434844137 -0.698955816429 0.103308731667
-0.0128524137948 -0.713090818451 0.120912855459
0.0349397899542 -0.726701296402 0.137716445096
0.0799343350988 -0.729820614951 0.164441093465
0.122286125031 -0.729497433533 0.195414230338
0.163432368377 -0.727565414383 0.227967263884
0.198084545386 -0.715227481955 0.265750981904
0.230128993434 -0.699612386218 0.304192910894
0.253643764723 -0.676202682715 0.345608650765
0.290766478729 -0.661479009966 0.379487174733
0.336393838279 -0.654671231221 0.404369026357
0.386179389712 -0.653646336303 0.420618409746
0.438182485422 -0.659346137965 0.423744675893
0.490473770972 -0.661206293888 0.42660875052
0.542766119702 -0.657649344234 0.428245635111
0.593819631881 -0.646456248923 0.431650163368
0.645394463228 -0.639974831771 0.424311679597
0.695550800032 -0.626190934673 0.417832059079
0.740416708689 -0.598974998616 0.419759636168
0.783339110108 -0.568796159908 0.418720018145
0.828623321786 -0.548164804489 0.402295442033
0.87195881956 -0.529774444022 0.378783440274
0.909007269892 -0.494648520779 0.367028877699
