-0.0575140219654 0.0932388199327 -0.380036632008
-0.104565603205 0.11184507599 -0.366385758602
-0.156243914943 0.117459782393 -0.359242001249
-0.208384152268 0.122465317692 -0.352702185369
-0.257953353205 0.105447161272 -0.357211345124
-0.308244281288 0.0902121344043 -0.358537573836
-0.35964516177 0.0811806743198 -0.35368272839
-0.408975126478 0.0852523750831 -0.336491601112
-0.450848048284 0.101176942621 -0.309327947492
-0.488625611302 0.120879475873 -0.278543918771
-0.525604203179 0.140232177158 -0.246844085734
-0.552143095302 0.166865588543 -0.21030330898
-0.583991075473 0.189681111419 -0.175181863786
-0.62595096755 0.200943363307 -0.145475223008
-0.674194692578 0.199839891571 -0.125079912845
-0.723675374104 0.192726436886 -0.108766491934
-0.773161454113 0.176330096769 -0.103537473475
-0.822993853851 0.168308756965 -0.0895466000877
-0.868026571188 0.167576644797 -0.0628460443038
-0.905087272633 0.175887979002 -0.0267984794989
-0.935953176332 0.189428115815 0.0132745826135
-0.957306617559 0.209160390862 0.0568230405502
-0.962841351149 0.23528686487 0.101869745259
-0.968306878622 0.260744599845 0.147322280003
-0.958744225602 0.29151437393 0.18863396114
-0.935556542966 0.326338636253 0.220153273673
-0.900248261312 0.35900041249 0.240883724143
-0.870575843994 0.388333898455 0.272533312288
-0.844321759145 0.412513171544 0.310849024493
-0.82145198556 0.431201215097 0.354085847951
-0.81110488769 0.442818605673 0.404087523542
-0.814664756272 0.445735885683 0.456263306188
-0.826964124966 0.441475542298 0.507038350761
-0.827194738543 0.435881396764 0.559138511821
-0.810326580084 0.430318611601 0.608434152176
-0.778445500198 0.425880327186 0.649774120202
-0.735761658515 0.42208225666 0.679877523122
-0.69062988006 0.415342158938 0.705695173783
-0.648391055348 0.402208900293 0.733948148332
-0.604870950316 0.386016669018 0.758238520094
-0.562444609148 0.365837402468 0.781476889357
-0.514904790056 0.347625874615 0.794418815611
-0.463763018382 0.33646884924 0.793133147039
-0.412484022077 0.328384878079 0.785420222437
-0.362485976887 0.324407167238 0.770377651266
-0.313140131922 0.320960536 0.75321590114
-0.266222097331 0.321722893145 0.729959393673
-0.22051777525 0.323595103117 0.704290881607
-0.173869801022 0.323391391781 0.680460076281
-0.125021398571 0.318064967361 0.662356768602
-0.0767735604046 0.313228191212 0.642402810458
-0.0294891419619 0.309665933983 0.619981375244
0.0182689235692 0.304465389322 0.598576088663
0.0661469576563 0.298036912636 0.578051769798
0.11474988846 0.289460328641 0.560541864902
0.163364635356 0.279009961669 0.543890021774
0.210301577713 0.27178044341 0.521286425349
0.25344370501 0.269502222269 0.4916876114
0.293833637173 0.269545145155 0.45808900551
0.336349352811 0.267308271034 0.426967328037
0.379393834034 0.257747366147 0.398692901076
0.424620837764 0.242031400612 0.377432930908
0.469520676182 0.224179315948 0.357065713553
0.513975842484 0.20620051059 0.335790288537
0.55400215652 0.193586696307 0.304419507748
0.591597835481 0.17927616776 0.270794892144
0.628909118724 0.16669035262 0.235961283402
0.667702206119 0.150034065268 0.204960578414
0.702063700238 0.133315493266 0.168938647492
0.738405450587 0.104515150973 0.144607014663
0.772927000999 0.067669687841 0.130238087634
0.801809357565 0.0338021567805 0.102475279457
0.826271602406 -0.00201529009715 0.0730858376056
0.845328356807 -0.0368702589185 0.0382108647615
0.861465659895 -0.076633928608 0.00529024279619
0.872688305847 -0.1162411231 -0.0274660122364
0.881246401989 -0.162309426034 -0.0509262041302
0.884016004833 -0.20810954079 -0.0771401141496
0.882389376127 -0.254690755232 -0.101077753056
0.87388284575 -0.29758071728 -0.13013991333
0.86328788339 -0.346068330615 -0.147371197499
0.849168896511 -0.394865939592 -0.16026659311
0.828407701329 -0.439849093059 -0.177417667133
0.805686102204 -0.484333612674 -0.193145339829
0.783611506406 -0.53066730648 -0.203752204367
0.764597240318 -0.579579989696 -0.203605598361
0.7452312053 -0.628226067299 -0.202326073106
0.721708808265 -0.673582687297 -0.213949362124
0.696921730133 -0.712836450976 -0.238276167506
0.672617813164 -0.741173227912 -0.275061112149
0.646622476408 -0.753874194087 -0.318766082059
0.619610782454 -0.748389086068 -0.3633585239
0.594768076857 -0.726480973396 -0.404003264863
0.575705199512 -0.690967152155 -0.43752071786
0.560621347705 -0.647169651004 -0.462035612065
0.542791152677 -0.602679840845 -0.483118281796
0.514600489961 -0.567421820508 -0.509638030221
0.478678522746 -0.544538361117 -0.540087056544
0.438093295505 -0.535717242631 -0.571986923479
0.39687075204 -0.521795678564 -0.601248436944
0.354355365862 -0.503194007075 -0.625947238565
0.307401575156 -0.493534424379 -0.647127058677
0.258120197206 -0.496795296685 -0.664546313549
0.207351339584 -0.496149701528 -0.677414139225
0.158510701294 -0.480242069034 -0.687872658792
0.112058722764 -0.457879936438 -0.697073875331
0.0736896465464 -0.422400198897 -0.700381837589
0.040490964515 -0.381979931276 -0.698082223195
0.00324245521003 -0.3456350229 -0.692274598628
-0.0340755490983 -0.31040269334 -0.681907742095
-0.0577075530447 -0.266823439628 -0.665056734836
-0.065059177233 -0.219603347975 -0.643653641308
-0.0554356831562 -0.173933244058 -0.619913562138
-0.0299024075868 -0.135242135935 -0.595560690263
0.00326228975015 -0.104653498621 -0.568832554463
0.0225260950877 -0.0702206241118 -0.534379472054
0.025318453301 -0.0330370957272 -0.497615120981
0.0244164692438 0.00371643017502 -0.460335497039
0.0145005184212 0.0396190647897 -0.423529678675
-0.0107357228832 0.072716852919 -0.391742185651
