-0.0873248106744 0.88010448477 -0.0102574881873
-0.0836422225855 0.863361684257 0.0392182326873
-0.081884883809 0.841319290307 0.0868016734005
-0.0708487309544 0.827814610399 0.136251844187
-0.0603622060569 0.804894316763 0.182282951428
-0.04866055191 0.775652199064 0.22464818316
-0.0434591466734 0.738282079557 0.261205871884
-0.0399316474378 0.699967716942 0.297046406889
-0.0389718265383 0.659548729937 0.330795535194
-0.0384329417257 0.620155783361 0.365313972298
-0.0334307101455 0.58534276377 0.404352185287
-0.0286429084184 0.551320187929 0.443872723684
-0.0230066632876 0.517564432917 0.483671908011
-0.0137378312575 0.48669685543 0.525167761495
0.00405259040793 0.467843195613 0.570746179008
0.0245200395192 0.452752863133 0.616708289718
0.04389718802 0.433965314071 0.661833747209
0.0533095318777 0.399803151468 0.700416847471
0.0531820004205 0.3558588305 0.728916617264
0.0434707391382 0.306855006523 0.744657871317
0.0252246792127 0.257783484085 0.746281200208
0.0036849101789 0.212287685347 0.731326177308
-0.0178246662195 0.172245849037 0.704798071093
-0.0369790876644 0.128674701969 0.68255183605
-0.0545422129757 0.0815541331782 0.667054653714
-0.063636752076 0.0298455706126 0.669431596419
-0.070126592545 -0.0218625104077 0.676629257879
-0.0711886094331 -0.0718441320584 0.692323789268
-0.068164868352 -0.119800789554 0.713163783059
-0.0658019116176 -0.169135700086 0.730835081351
-0.0573187746556 -0.210996969076 0.761202088058
-0.0577719278349 -0.260483217379 0.778848922984
-0.0482032187591 -0.308120715894 0.798541184442
-0.0302326387067 -0.352733321761 0.819669346794
-0.000506129037309 -0.382949084688 0.850531206176
0.032883464225 -0.411969702374 0.878593061591
0.064122970087 -0.451410820188 0.893078403294
0.0916615278149 -0.495865031861 0.895684100171
0.114476446811 -0.542026157851 0.8860147331
0.125596772415 -0.586991148167 0.861258030728
0.142509039434 -0.629442330377 0.83549125101
0.15158784772 -0.667378125079 0.800517846977
0.152908952619 -0.698537813723 0.758457824535
0.15661583058 -0.726509940486 0.714284631961
0.169250102811 -0.753101540272 0.670887203643
0.179602188726 -0.776789792099 0.625354620956
0.20647293934 -0.800801865728 0.587352997333
0.21972546527 -0.819755630372 0.540349342706
0.227338573187 -0.836105288833 0.491181243341
0.231212975119 -0.850477135229 0.44093140907
0.237335577654 -0.863973779018 0.390676552296
0.228324504131 -0.870180546707 0.339454323991
0.208896026404 -0.866642620183 0.290944506008
0.188701818849 -0.856291676386 0.243745831128
0.156066092059 -0.841669673823 0.205425264126
0.129769851447 -0.829436071138 0.161822813494
0.0912249911966 -0.810090851398 0.131802644557
0.0594088207047 -0.79332095183 0.0937493721012
0.0384817799638 -0.78119902992 0.0473065675812
0.0245016486178 -0.769855758599 -0.00185826248642
0.0144305347025 -0.759423801664 -0.0521796035971
0.00528849948195 -0.748554780708 -0.102580866316
-0.00916735471865 -0.733619805213 -0.150677281511
-0.0299016042029 -0.715238549855 -0.1951718605
-0.0341442868697 -0.702630461321 -0.245837001695
-0.0215937391223 -0.69510522763 -0.296144120183
0.00614325491059 -0.693164376442 -0.340562600271
0.0331606472666 -0.685226465531 -0.38474663252
0.0530341382761 -0.66739979595 -0.429837991658
0.0830004863068 -0.651858734716 -0.469949224832
0.113895649692 -0.632436018963 -0.507538609714
0.131591230272 -0.603184854731 -0.547221814464
0.133134113008 -0.568268397288 -0.586249002391
0.118435233016 -0.531801012067 -0.620883777892
0.0888109811358 -0.497168407635 -0.646745758215
0.048951557047 -0.465490758476 -0.659104570875
0.00369068877135 -0.439384434696 -0.654970667136
-0.037173230227 -0.406898225488 -0.650558778331
-0.066505488502 -0.363809073005 -0.656012866549
-0.0815903831325 -0.315576839389 -0.669898220141
-0.0807958462207 -0.267425810625 -0.69057737074
-0.0642770835984 -0.224278308791 -0.715303734162
-0.0562534199173 -0.174587522752 -0.730036760422
-0.0607421026591 -0.122371544341 -0.731162890079
-0.0769762425146 -0.0736217516433 -0.720788497179
-0.105912123224 -0.0347188799641 -0.70087181549
-0.143737811287 -0.0101613375197 -0.673886849618
-0.181357546412 0.0145610723364 -0.646385372679
-0.206362943987 0.0550588798533 -0.624499008044
-0.219857482751 0.103641625812 -0.610200612582
-0.228979597204 0.153774552465 -0.598059372588
-0.234038038831 0.204921353912 -0.58801990026
-0.23270608451 0.256889804161 -0.581775606531
-0.219854732937 0.307598700182 -0.584065829038
-0.195046477057 0.352108669807 -0.596131508552
-0.160946628581 0.386123300228 -0.616692336594
-0.12372785288 0.414359238027 -0.640577014181
-0.0841128037943 0.436574916016 -0.666648003439
-0.0478684130311 0.4689115409 -0.686460005777
-0.0203354895449 0.512507251202 -0.696407976114
0.00876312601334 0.554828537851 -0.706717810381
0.0393570613743 0.59611261266 -0.717096604787
0.0716492190374 0.635893538635 -0.727947746494
0.0937507174397 0.683357239248 -0.728284733918
0.103088031435 0.733823756967 -0.717937215715
0.0987685429099 0.782071937777 -0.698076577699
0.0825260858592 0.822566159926 -0.669122893016
0.0566473191099 0.850595345885 -0.633248483657
0.0241147631284 0.862541169343 -0.593990056644
-0.0107144383335 0.860021160868 -0.554956421892
-0.0398172741254 0.862188766797 -0.511387073926
-0.062239773736 0.870882209796 -0.464701332167
-0.0805047704117 0.878481383428 -0.41589424304
-0.0982700565653 0.877348814153 -0.366513821067
-0.111949636814 0.873990703825 -0.316066899529
-0.119028093527 0.873853921524 -0.264168610905
-0.117726925022 0.88032146153 -0.212193952673
-0.107082859761 0.89696845686 -0.163603193861
-0.0976616610279 0.901234681277 -0.111744265766
-0.0886549977627 0.895547214759 -0.0602721714196
