-0.355628250018 0.222122533939 -0.534048955232
-0.312074340876 0.193070015734 -0.533750632538
-0.261635639827 0.179038307718 -0.533748304209
-0.209415239003 0.181494646674 -0.530920937911
-0.160347605833 0.198909503975 -0.525393099878
-0.112134301355 0.216630515306 -0.515244943357
-0.0622512621093 0.218234010132 -0.499418568221
-0.0159474366914 0.203784264871 -0.479689895188
0.023211088272 0.174439538931 -0.461054351558
0.0515106026215 0.133294898202 -0.445304274992
0.0706756578677 0.0863493315164 -0.432252736152
0.076479063252 0.0349840614713 -0.423937113451
0.0664507310182 -0.0163067052752 -0.420562044954
0.0405957412479 -0.0618457725646 -0.419793232327
0.00362295173079 -0.0988966425138 -0.421237441812
-0.0425263534014 -0.123007931859 -0.426719387879
-0.0926857405138 -0.13259066956 -0.438280869111
-0.14157481447 -0.149848416599 -0.445643441381
-0.184293831195 -0.180128775073 -0.445221796813
-0.216566862571 -0.220557522776 -0.437077573095
-0.235113665057 -0.267330952172 -0.422537536631
-0.23804089291 -0.316106713253 -0.403701539326
-0.226014976758 -0.360368955995 -0.378422216768
-0.210343025031 -0.401567045042 -0.350065964667
-0.184021684635 -0.434263127155 -0.318761752193
-0.14927577226 -0.456283620751 -0.286280593634
-0.107678575312 -0.464872452085 -0.255635505532
-0.0745503658972 -0.480292624826 -0.218104616233
-0.0375142044536 -0.485343568528 -0.181021430006
-0.00163131254617 -0.485131390229 -0.142854573426
0.0314313666557 -0.482221373182 -0.102354038701
0.0554314066424 -0.485381489123 -0.0559240691043
0.0662942030069 -0.497276157298 -0.00609250324857
0.0675075290119 -0.512084316843 0.0441411288248
0.0544815160096 -0.534706931423 0.08954702209
0.0455549275598 -0.548038222839 0.139402610947
0.0270794019984 -0.562240347311 0.186331776759
0.00631582987003 -0.572089278632 0.233373276871
-0.0115748946574 -0.573887417171 0.282569811073
-0.0282348074369 -0.569234402934 0.332008911681
-0.0518764971912 -0.564638327789 0.378506169349
-0.0859031889054 -0.564091687923 0.418291536195
-0.124283980379 -0.566623983512 0.453820153515
-0.165888468246 -0.571946521007 0.485196667306
-0.203949835051 -0.571476027898 0.521316664831
-0.239894892361 -0.56750760104 0.559254936172
-0.276464709619 -0.559667772485 0.595972923815
-0.321895775041 -0.556321303787 0.622156778051
-0.364320439391 -0.548113213088 0.651805123826
-0.397104784579 -0.526085721253 0.686204019678
-0.413848601591 -0.490385285497 0.720670352307
-0.414013684312 -0.448154044596 0.751638797389
-0.397925750778 -0.404480218164 0.775718755017
-0.372891862963 -0.361695752958 0.792652194331
-0.336006748218 -0.325872115408 0.802578070782
-0.289597119601 -0.301688694931 0.804545119074
-0.240164080444 -0.285287738776 0.7988030586
-0.190842355077 -0.278229590666 0.782589742225
-0.144606221708 -0.279243068368 0.757944269746
-0.0994006414159 -0.267811470371 0.733723779912
-0.0583273474912 -0.268039432081 0.700753901327
-0.018389708225 -0.265779339632 0.666738335354
0.0224183249038 -0.244249172788 0.641723868731
0.0628539208966 -0.22990221474 0.611692641317
0.100334250131 -0.230480112084 0.575107940926
0.131296678677 -0.246349198009 0.535957590866
0.152828514211 -0.275494672468 0.498071520518
0.169040208731 -0.305541965358 0.458224711439
0.183212106731 -0.330991198379 0.414662707139
0.204101736436 -0.339796414573 0.367448628072
0.22842281039 -0.331921852593 0.32173343411
0.255820570238 -0.309393796574 0.283129616487
0.281344625244 -0.273027179715 0.255279852265
0.301916744058 -0.227135767025 0.240495062452
0.31745871573 -0.179026000075 0.226221781808
0.330266020125 -0.131744765743 0.207644411917
0.342434532917 -0.0819010341066 0.196767626643
0.3546022685 -0.0345647809907 0.177871070356
0.36539117656 0.0156471769763 0.167550819467
0.375684129528 0.0662405871816 0.158033981483
0.38690202102 0.115859901643 0.145594544198
0.394564269471 0.161061168029 0.120247064807
0.400788719433 0.210453235444 0.103044720082
0.40571776632 0.26263431178 0.0997371126552
0.410313410638 0.314470514269 0.0937174327726
0.415513788184 0.362290755979 0.0730118517974
0.417687718394 0.401252745069 0.0380928232338
0.415583112703 0.437822333699 0.000671556309609
0.40889860674 0.473199379227 -0.0373696783093
0.396182638321 0.51503346406 -0.0661874643575
0.379037248442 0.56270697682 -0.0794911911617
0.360118406729 0.611409762251 -0.07610276608
0.344697388391 0.657498266636 -0.0566244467476
0.326251184554 0.703524958688 -0.0396200020997
0.300496016524 0.749163602441 -0.0387624444134
0.269787072118 0.788735073869 -0.0541369608363
0.237731943701 0.817783765144 -0.0836869182234
0.207343033146 0.833062348078 -0.123528615899
0.182654894197 0.832273711908 -0.169716231199
0.166910648695 0.815981251876 -0.216936528454
0.161189051632 0.786367492265 -0.259754025683
0.160850008107 0.748937019742 -0.296396395883
0.143987681798 0.718675455813 -0.33566361799
0.112950313382 0.698570125457 -0.372734060143
0.0711366977258 0.690683739058 -0.403244964954
0.0245917632231 0.688490766801 -0.427116773664
-0.0173244721659 0.66973005812 -0.452259588301
-0.0502943545237 0.636635269361 -0.475900000761
-0.0709242961792 0.59267783691 -0.495480452562
-0.100284526135 0.552286549552 -0.511242287793
-0.142503131482 0.523224634833 -0.521972474267
-0.192467143677 0.508145828261 -0.526260122825
-0.244776303928 0.508175572799 -0.523780910909
-0.296667299382 0.50399571336 -0.518170514251
-0.34489374739 0.483897598652 -0.514693483144
-0.383760363188 0.448825343228 -0.513846309934
-0.409290983999 0.403190434416 -0.516471941973
-0.419362386131 0.352125158965 -0.522159569879
-0.417740623511 0.30011227767 -0.528005050731
-0.398992575263 0.251358064655 -0.531618525941
