-1.01759121622 -0.0358793480463 0.45885284391
-0.99954964926 -0.08123031408 0.477807849875
-0.972944301008 -0.12612805871 0.482025127352
-0.940349872079 -0.165632358355 0.471136603878
-0.905192429965 -0.195476937733 0.446334937183
-0.865896790062 -0.223146115205 0.425192333628
-0.824950399634 -0.256103150006 0.425302992915
-0.783677237909 -0.283791600724 0.408363008176
-0.746585652698 -0.300951442139 0.375501562756
-0.71982414398 -0.303859918898 0.32997486167
-0.685491400577 -0.31435429469 0.291771737311
-0.644690883837 -0.334372129562 0.26570548128
-0.601861767678 -0.362827782991 0.255585806423
-0.562433357737 -0.396476355278 0.263286070242
-0.520880190593 -0.428346826915 0.264439275482
-0.475197078774 -0.450686118772 0.251820754314
-0.430939337729 -0.459527742701 0.225186437459
-0.383690099027 -0.469477321488 0.204906055181
-0.333392948978 -0.483740069386 0.20190302335
-0.285961016838 -0.500665885785 0.216268909385
-0.245173328972 -0.518241538416 0.244061345352
-0.207817961665 -0.531840201044 0.278178635899
-0.160915478778 -0.541552643471 0.299338198889
-0.108745264239 -0.545054572383 0.303642030519
-0.0572889656471 -0.543274337606 0.293785672458
-0.00688980812425 -0.538700364274 0.280162763199
0.0397289501991 -0.526990085316 0.259394131981
0.0775846738789 -0.508474207104 0.228292189573
0.119550351889 -0.487384349071 0.205040742128
0.163893048078 -0.463586203442 0.19057632898
0.209026078833 -0.437493826534 0.183809700365
0.257512803608 -0.418005324198 0.191979057033
0.305367447267 -0.401355466896 0.205934605266
0.351559654707 -0.388755740825 0.227194311379
0.394523974311 -0.374849034554 0.253705663449
0.437346221092 -0.349431202178 0.270464932742
0.47940196051 -0.318872753317 0.277186130789
0.519385862664 -0.28493552258 0.27674496021
0.556493033414 -0.248654831575 0.269808411725
0.589568849044 -0.210490042907 0.255936409605
0.623507155397 -0.171934256911 0.24526612411
0.653817514965 -0.132786508317 0.228223322133
0.688459617356 -0.0942411424645 0.220684629059
0.722219529425 -0.0549532275402 0.213064526515
0.757315834111 -0.0160537995315 0.211630385663
0.790890946727 0.0241106008003 0.210242639928
0.8225491717 0.065621244324 0.206224374289
0.854233745833 0.107329738483 0.204481890372
0.885551466027 0.149427605224 0.203194605871
0.919303863408 0.186281576796 0.21891105487
0.9501700131 0.220870316791 0.243402706746
0.976933473517 0.261333731756 0.263087550576
0.999844237309 0.308098002902 0.268512635638
1.01680319167 0.356632451889 0.258584229288
1.02605991323 0.402098809727 0.234289570926
1.02667661157 0.440029832831 0.198166383267
1.01773865374 0.46699017153 0.154166366078
0.998230884889 0.48092750976 0.107610940001
0.970817894036 0.480185340792 0.0630122075307
0.940743626386 0.463945691148 0.0233525122739
0.910672896802 0.433753413372 -0.0070705970486
0.883699508176 0.392726700637 -0.0252657180209
0.857407342604 0.349827230144 -0.0398071396964
0.82554721921 0.318334947653 -0.0669258066494
0.791846400184 0.301211458804 -0.103160693763
0.758083934316 0.301266192741 -0.143223918095
0.727160970695 0.318928123454 -0.181721351508
0.701972307352 0.351065726363 -0.214676274951
0.678970431012 0.389278727133 -0.242157629606
0.645010911521 0.413846185796 -0.273670507443
0.6064375048 0.428996079714 -0.30573282705
0.563816962656 0.429101627988 -0.3361871335
0.521255725082 0.413448100767 -0.362398452749
0.482700472749 0.383533788047 -0.38143365187
0.450787966638 0.343604151996 -0.392854202959
0.428095794252 0.29650354647 -0.395795691735
0.412918092447 0.246519567147 -0.392293496152
0.38555365332 0.202058926588 -0.39673346334
0.352403359632 0.162408526107 -0.405163860135
0.311974425143 0.132519642279 -0.419787477534
0.266719201383 0.115891804297 -0.440220096149
0.220456433446 0.112405391215 -0.464490736091
0.174702652308 0.115207954808 -0.489803489793
0.128036637159 0.114157051239 -0.513595452666
0.0857865940253 0.129800987194 -0.540312973725
0.0512463604501 0.160167628299 -0.56539770463
0.0147593323461 0.191965232838 -0.585417842797
-0.0320855382673 0.210864502053 -0.599299438016
-0.0835409994566 0.217148733308 -0.606805929565
-0.135595088059 0.222355124212 -0.609438842773
-0.187460744165 0.22979516112 -0.608966455527
-0.235547463338 0.25024259587 -0.605486052459
-0.286118360892 0.260041673945 -0.596100227396
-0.335883604508 0.253172013355 -0.581354691551
-0.379506440653 0.230025515882 -0.563964966713
-0.412739893456 0.193665667459 -0.54621674615
-0.450958717416 0.166472004625 -0.522944840698
-0.494183723347 0.156441903447 -0.495132810125
-0.531320011234 0.137984504097 -0.463171962397
-0.560579525861 0.111686751619 -0.428624561094
-0.585095785343 0.0800959536746 -0.394728011437
-0.609444172373 0.049313851386 -0.359954477746
-0.640517623056 0.0299574369049 -0.322487062378
-0.675306696389 0.0254721178665 -0.283606002186
-0.708505015166 0.0325341771326 -0.243724494953
-0.735983839026 0.0267257212728 -0.199164042234
-0.761390702173 0.0182050287283 -0.154058031974
-0.786165691647 0.0104630836692 -0.108516868378
-0.813636199192 0.0154797099124 -0.0641797234267
-0.84058851071 0.0250488493644 -0.0202771474867
-0.866034177919 0.0300565775274 0.0252240701238
-0.88770761324 0.0248366296576 0.0726532630853
-0.909466183597 0.0222084464238 0.120248165854
-0.931837385725 0.0244202664703 0.16762669828
-0.954747745189 0.0329045480517 0.213963458563
-0.978743829144 0.0510480714564 0.257016135744
-1.00094170166 0.0645700454982 0.30247935485
-1.01853884779 0.0615449366509 0.351712434963
-1.02951908243 0.042786820118 0.399362463349
-1.03321184916 0.0106051933169 0.44050498306
