-0.224497624063 -0.0878167890331 -0.547305527791
-0.213033770312 -0.0467899647496 -0.516739974428
-0.212571180578 -0.014016841997 -0.475891069723
-0.222542284035 0.00537274982774 -0.428277266213
-0.219650279791 0.0341222668324 -0.384605803684
-0.206371626502 0.0680790699709 -0.347013431385
-0.185564305666 0.103956791643 -0.314901582479
-0.162354587513 0.140378765978 -0.285292500943
-0.145161947059 0.174047162459 -0.249045503299
-0.133348955253 0.204372764928 -0.207907082858
-0.125045324326 0.231970265842 -0.16419000952
-0.126077858739 0.24826207875 -0.114420016194
-0.123144107773 0.26506939292 -0.06485341207
-0.120794315044 0.272426348564 -0.0130696258651
-0.113442660478 0.276780619343 0.03860179769
-0.105336470142 0.275836753538 0.0904880333646
-0.0819475238664 0.281884671107 0.136948459846
-0.0564507730086 0.289497005346 0.182057727462
-0.0420643864368 0.287433225027 0.232363666368
-0.0319250048469 0.280398675817 0.283460634065
-0.0177020651406 0.275824648444 0.333701421835
0.00917972249523 0.279598026653 0.378698495083
0.0322255585322 0.280749441377 0.42581143664
0.0524298617361 0.278541944356 0.474109078847
0.0701295590146 0.274801338549 0.523424236972
0.0918123203114 0.272862845018 0.571335852415
0.111304996098 0.263521569765 0.619025796038
0.130925214701 0.252914856683 0.666405476337
0.155763071151 0.244794004917 0.711857738116
0.178372704677 0.233256224337 0.757915169843
0.20826474893 0.227034511857 0.800495017203
0.235666780095 0.217967549069 0.844188256988
0.260142839388 0.204374295043 0.888458429456
0.279406675912 0.189216805846 0.934927742434
0.287193768053 0.162496150437 0.97939404249
0.302083528488 0.139225031009 1.02388408631
0.319438414907 0.115932407708 1.06873949414
0.347362926139 0.0997819427608 1.11065560389
0.38827682753 0.0962053555443 1.14328347661
0.436250561624 0.10675167924 1.16143862424
0.485063476709 0.125615623981 1.16337358499
0.529930633621 0.148333981583 1.14877673011
0.565313025068 0.172526293547 1.11868534128
0.587720002388 0.195974135997 1.07756491902
0.59463064507 0.217288157308 1.03022634598
0.583632922247 0.236216524768 0.982643731256
0.555985407727 0.250483987748 0.940501698746
0.514290185842 0.258339710441 0.909611869965
0.468019010181 0.262455466939 0.885317424966
0.419329933176 0.264721911114 0.866070523671
0.376492258395 0.270548848826 0.836479322512
0.336729683947 0.277467204525 0.802784421954
0.296261199479 0.283070630606 0.769589761291
0.255552032666 0.28760738264 0.736802121201
0.217784268366 0.292657936292 0.700896247701
0.183896146142 0.299153008135 0.661415041434
0.160549996249 0.308351767334 0.615445533474
0.144370297181 0.314408534825 0.566017259754
0.125924075902 0.315053303931 0.516661298148
0.102680246439 0.308398870279 0.469826421753
0.0821474629439 0.296426829807 0.423031348508
0.0597462575709 0.27976078678 0.378714272749
0.0358695856024 0.262814723595 0.335195760693
0.0116702604307 0.24682713992 0.291577625678
-0.00861336479981 0.231869141417 0.245664581209
-0.0124902473606 0.221338983705 0.194421063036
-0.0269390873385 0.206539277732 0.146261689461
-0.054413357348 0.187090107027 0.106124212377
-0.0919357051966 0.164958100045 0.0770016138717
-0.131754075759 0.141781198876 0.0518672325036
-0.162855769229 0.118865369661 0.016488484274
-0.193532888148 0.0952126769501 -0.0187490760655
-0.222545976809 0.0710490946686 -0.0550970133743
-0.237484232346 0.0499105555286 -0.100615531886
-0.243436280861 0.03233849971 -0.149642335754
-0.244505220387 0.0149534649109 -0.199023480643
-0.234623230353 0.00211875323814 -0.248852749719
-0.214774898518 -0.00675597100921 -0.296590321315
-0.190764490066 -0.0178211506756 -0.341793632284
-0.164195209806 -0.0292938498151 -0.385668361178
-0.144921151457 -0.045979893325 -0.431448758001
-0.132702245722 -0.0681875544524 -0.477279968909
-0.120761538805 -0.0908296732087 -0.522969226212
-0.1079628276 -0.117691094283 -0.566054613933
-0.0956426314724 -0.145473906777 -0.60872657343
-0.0736276165947 -0.172968192161 -0.647474552342
-0.0431179955085 -0.198701764313 -0.681368133717
-0.0123473384904 -0.225231003344 -0.714404065719
0.0228935228566 -0.24877371329 -0.74521787695
0.0584815962025 -0.273761547389 -0.77438154706
0.091446858271 -0.303991006178 -0.801655612638
0.115961117287 -0.340456552068 -0.830259059842
0.124799094563 -0.382952012561 -0.859613957005
0.118018406052 -0.427286999714 -0.886702227594
0.12502542203 -0.472913616355 -0.911478404505
0.117685007376 -0.521077864764 -0.930737337901
0.0949010165314 -0.565866949726 -0.94544923185
0.0585172517012 -0.601693192807 -0.957045583071
0.0122966649295 -0.625481439402 -0.963341292579
-0.0391438199688 -0.635255031753 -0.962831455925
-0.0903140028787 -0.631611309716 -0.952317040281
-0.135644745067 -0.615312669536 -0.931787288061
-0.171132594291 -0.58686370992 -0.90585514856
-0.202614274824 -0.555182250263 -0.878457132248
-0.244172090295 -0.536469592401 -0.852595311262
-0.29057863558 -0.534060702837 -0.828395524267
-0.336769490969 -0.543333101241 -0.805552224471
-0.38012238991 -0.550444167511 -0.777064630937
-0.41665237325 -0.545310807649 -0.73989656443
-0.444409510602 -0.526350446188 -0.699744575227
-0.460860418219 -0.495455401374 -0.660792536473
-0.464680331056 -0.455348619638 -0.627347583409
-0.455647637312 -0.410563710842 -0.601773984015
-0.434477885026 -0.365039050267 -0.58692343598
-0.406304494674 -0.32144566101 -0.580031320947
-0.377605996341 -0.278495588399 -0.571487816119
-0.342495034928 -0.239664547742 -0.572295846351
-0.302328590571 -0.207990747495 -0.583469011414
-0.264566144243 -0.171867274384 -0.586659407654
-0.234350160375 -0.130390287332 -0.576276108287
