-0.344604281124 -0.0125676699965 -0.307238543723
-0.313080948242 -0.0544473140354 -0.309272769224
-0.292400955066 -0.102137936777 -0.315989475865
-0.287476224935 -0.153708030597 -0.32393161301
-0.291599077548 -0.205865728454 -0.329760278478
-0.312290524171 -0.254208971271 -0.333068217361
-0.318576979357 -0.305970769449 -0.327503917224
-0.327418209078 -0.35672623068 -0.318062551948
-0.321332179632 -0.405741638597 -0.30059196224
-0.302237648438 -0.446101701036 -0.273166241509
-0.271048921442 -0.4744163415 -0.241975233898
-0.229605229461 -0.490295734859 -0.214133652457
-0.181776242177 -0.492539421474 -0.192893065283
-0.13260663999 -0.480327045815 -0.179523488694
-0.0869842043864 -0.454886714504 -0.175055851332
-0.0487949493445 -0.419305761742 -0.179922824637
-0.0254968426082 -0.372955511179 -0.187096053181
0.00245687751759 -0.328536238534 -0.188992899656
0.0432034959527 -0.295826396797 -0.185168979546
0.0893340309771 -0.274793715016 -0.171990353485
0.13664233599 -0.267497032192 -0.150730991621
0.180730983314 -0.275166246648 -0.123532280899
0.217248486276 -0.297166283885 -0.0931300818735
0.242575355728 -0.331345448433 -0.0625982292402
0.253776986363 -0.374493606314 -0.0351040149719
0.255976149311 -0.421028178251 -0.0111148237917
0.270619807617 -0.461809056683 0.018385121061
0.297263735058 -0.492589837274 0.0514078228852
0.334515634808 -0.508776174954 0.0845797226286
0.376378037246 -0.513499421597 0.115699360494
0.410153887437 -0.532764039602 0.150807277841
0.432833731536 -0.563983733817 0.186252313067
0.441831519047 -0.604231472826 0.218577108775
0.442276485267 -0.645337467092 0.251003711698
0.452857379159 -0.675426378785 0.292531754275
0.474133579696 -0.692321443995 0.337326141749
0.504916930572 -0.694651204345 0.379621792999
0.541543857469 -0.681433972577 0.414639196855
0.578817012805 -0.653752852526 0.438873591445
0.612734187901 -0.623189651886 0.46460600077
0.639817560211 -0.600605006946 0.503372476812
0.665671255823 -0.564187543651 0.530732757046
0.687341971684 -0.518263162242 0.543517679187
0.702392409934 -0.468160724267 0.541340179084
0.709444056391 -0.418616645333 0.525921607124
0.708404980894 -0.374711368124 0.497387138376
0.702954212457 -0.340422092388 0.458166842773
0.695349570794 -0.304496432306 0.420847874029
0.686756397466 -0.260872509367 0.393189455479
0.672912436813 -0.229542350173 0.353587311227
0.660211993414 -0.189712850114 0.321967547504
0.643445057487 -0.159312296081 0.282766085478
0.624404496989 -0.134686141805 0.240588231224
0.605895323551 -0.103469328924 0.202802443639
0.587533034885 -0.0602990294794 0.179512767155
0.564842581368 -0.0263884625453 0.1466323631
0.538909472369 -0.00697943590579 0.105416943155
0.512097736419 0.00252159575985 0.0614486976159
0.484374063852 0.0163950005981 0.0191634710682
0.457272519652 0.0126102567757 -0.0254920281914
0.43436239443 -0.00756375542643 -0.0680473331793
0.412940176528 -0.0319892660181 -0.10915626608
0.385251619402 -0.038575209388 -0.15313764313
0.356378476064 -0.0416604177809 -0.196721191283
0.325049886829 -0.028654946106 -0.236611445079
0.290436718285 -0.0129569267934 -0.272660075661
0.255259031919 0.0163732417868 -0.298048834201
0.222546027425 0.0550548188609 -0.311316720254
0.196038603249 0.100208072238 -0.310243889162
0.178443566262 0.147046566502 -0.294772056074
0.1713539985 0.191178517385 -0.267453786341
0.177569060263 0.229883968583 -0.232684265929
0.192560423426 0.263717406826 -0.195438549022
0.213170211899 0.292622647484 -0.156931962556
0.219757721379 0.330267501652 -0.121112714436
0.209333413734 0.370005368322 -0.0886122730387
0.184961404389 0.409896516158 -0.0649127262879
0.154379819566 0.44764182307 -0.0448809228252
0.137264929029 0.48605105432 -0.0122302301941
0.114495587432 0.524440088282 0.0152386447829
0.0792776560928 0.558236282724 0.0344253253344
0.042222686651 0.588823202306 0.0565064041198
0.00659153068503 0.616237196178 0.0834139633189
-0.0369124971323 0.637643541961 0.103184152751
-0.0854529974678 0.652350283764 0.116204009612
-0.134862547215 0.663160228402 0.130235168542
-0.18691904342 0.665833504078 0.135353761512
-0.238893397879 0.66049492324 0.131672341869
-0.290193455202 0.651062018546 0.126854928424
-0.341943123389 0.642646755837 0.126990012209
-0.393570381516 0.634798152098 0.130935532216
-0.444920783888 0.627845062402 0.139063736267
-0.49364041411 0.624668954425 0.158025394951
-0.544774136942 0.615299433798 0.164426118972
-0.595796502712 0.605110980308 0.170687807666
-0.646477017414 0.595367489982 0.179597128262
-0.696699539905 0.586203721925 0.191288889766
-0.746954985638 0.571510514648 0.191081809629
-0.792884261744 0.551483373936 0.175887376728
-0.82972125602 0.528130464016 0.146920697984
-0.85632933512 0.501606857965 0.110409371379
-0.882300145269 0.474299787394 0.0740249885353
-0.892222609935 0.445038567355 0.0317006287824
-0.887482586265 0.416276461157 -0.0118505186679
-0.866857414807 0.391066598989 -0.0528940451219
-0.833201120021 0.372077832253 -0.0882731731745
-0.788457896454 0.36398909152 -0.114312063779
-0.737578498968 0.365485169508 -0.126798992549
-0.689601738846 0.357866051181 -0.146497170026
-0.650255809087 0.338198876527 -0.174965609198
-0.623337178306 0.307315828906 -0.207685244804
-0.611417599981 0.26502238184 -0.236658495222
-0.617115523268 0.225676866104 -0.271063605487
-0.616148053031 0.180047726008 -0.296877232734
-0.599625069899 0.135232565987 -0.318435903709
-0.567967447095 0.0962625067006 -0.333435560103
-0.522632054384 0.07021477496 -0.337899179352
-0.472372299291 0.0550707264502 -0.330961021421
-0.422782440414 0.051837158272 -0.313509939209
-0.376865343901 0.0285419189057 -0.3026699186
