-0.737153270005 -0.335800936448 0.191193348595
-0.741165319874 -0.387996270562 0.189277845944
-0.729943231937 -0.439075316759 0.19207881336
-0.73466863407 -0.491121501895 0.1870172238
-0.739884006841 -0.542873369592 0.180832809699
-0.751237808649 -0.593069184574 0.171093183764
-0.748617383711 -0.644653888463 0.161887906722
-0.765793065043 -0.691747622799 0.146389632207
-0.776518425049 -0.741223245768 0.132797912085
-0.796119459262 -0.786504784579 0.115070252446
-0.804526896932 -0.83478138399 0.0964151287224
-0.795282265207 -0.883689213738 0.0798499931553
-0.769113993179 -0.92746245467 0.0676765393687
-0.730518070675 -0.962237826172 0.0606721554094
-0.683119159598 -0.984588249781 0.0594564952659
-0.632240484556 -0.997263733944 0.0583163763723
-0.580647840953 -1.00556255976 0.0549707593847
-0.528939618956 -0.997766977427 0.0579647087161
-0.482632616993 -0.974942563838 0.0669572621437
-0.444511791116 -0.941199352515 0.0793788364165
-0.400930015503 -0.912628742925 0.0845202411816
-0.354276721176 -0.888512814065 0.0859749311686
-0.304029430108 -0.875013884012 0.0797924147979
-0.253690319388 -0.862772735008 0.0717030377474
-0.20333732768 -0.854100386705 0.0602709012641
-0.154210848496 -0.837731241443 0.0523931928659
-0.105750888659 -0.81941828005 0.0448282110849
-0.0625887641421 -0.789781832972 0.0442789306177
-0.0239085161747 -0.754579271846 0.0472787213125
0.0218697890152 -0.729978390803 0.0408243105436
0.0706513033694 -0.719247014964 0.0250959869677
0.119073338214 -0.711337250448 0.00679187010153
0.164858450019 -0.688272954197 -0.00385945612427
0.207099129286 -0.657973409509 -0.0111008597448
0.252263653894 -0.635132174662 -0.0245357733463
0.292087494654 -0.60177309456 -0.0310402707107
0.321810291207 -0.558699504404 -0.0288732409471
0.339033565986 -0.510444657595 -0.0178947013123
0.340339427071 -0.460506869853 -0.00209612305165
0.326030712377 -0.413781461314 0.0167480114596
0.299960337637 -0.374368935575 0.03943646095
0.286422828495 -0.326455748585 0.0557779651312
0.286920084008 -0.274768404114 0.064242646568
0.301717920093 -0.22454295765 0.0641918954463
0.325835215817 -0.178500873399 0.0578866874866
0.358021350092 -0.139036096698 0.0456257863503
0.37713241972 -0.0905729420717 0.0401990892468
0.400370530468 -0.0445640643307 0.0310089739652
0.408202274 0.00732662419681 0.0295051071226
0.41300264345 0.0594688308107 0.0288016193367
0.430970043346 0.107732417957 0.0193604966757
0.460520941194 0.147138269247 0.0015612547661
0.497736211726 0.175631904575 -0.021876524339
0.540167545267 0.190288336722 -0.0490315699263
0.58335245575 0.199622781214 -0.0772115628197
0.621668468553 0.224099978946 -0.103245948572
0.65201701489 0.26184467555 -0.12319690913
0.674616018495 0.306899120439 -0.137509524865
0.705157080034 0.345039537731 -0.157444327646
0.742248180013 0.373067218575 -0.182042754959
0.784298963522 0.386536483132 -0.210539731914
0.827007249012 0.387653765317 -0.240934804453
0.864211174239 0.404125620208 -0.273979922004
0.892392075271 0.434121204357 -0.306388687576
0.906783010199 0.476621235143 -0.333400153022
0.906657177933 0.525053878462 -0.353359700016
0.892688474822 0.574726302095 -0.362426821512
0.868706916799 0.621171017913 -0.358754726805
0.83861441183 0.662055396188 -0.345583043467
0.805538922015 0.697578290021 -0.32587658482
0.76958994961 0.721144487153 -0.295954112968
0.733181825912 0.732752257824 -0.260131233367
0.695641321735 0.735521089488 -0.223712594152
0.656980801821 0.729329448731 -0.188908084688
0.626381649009 0.708143675097 -0.152048764591
0.602504023286 0.678726664763 -0.115854411169
0.571696980572 0.658815059915 -0.0783874581593
0.530975845216 0.649983839771 -0.0464689268476
0.485827238234 0.642375583865 -0.02092405303
0.436125579997 0.649063266723 -0.0057791802197
0.387480391058 0.668306460765 -0.00312721924189
0.345266890951 0.697403423407 -0.0138051987119
0.314874656519 0.734017592515 -0.0356737976878
0.275083437677 0.760048365102 -0.0576183576054
0.225664449918 0.770576430799 -0.0715513552195
0.176835814828 0.781794480617 -0.0868292474917
0.125917314684 0.786375933188 -0.0982561571529
0.0741827816141 0.785855426987 -0.106447055701
0.0224183633371 0.785096872257 -0.114989847142
-0.0293282173672 0.782132536768 -0.122384656122
-0.0789290311856 0.788675182897 -0.138139930955
-0.129560238343 0.791133353604 -0.151656627285
-0.180803369961 0.780889001851 -0.155495641737
-0.227658751961 0.758287376962 -0.149229621936
-0.265276751897 0.725514008642 -0.133210698939
-0.289411776883 0.685837429765 -0.108920726632
-0.314535603131 0.646198573132 -0.0856059271321
-0.350486922587 0.611757972489 -0.0693563795071
-0.378959817784 0.573178663153 -0.0480930227252
-0.391817030742 0.531882837027 -0.0184758030697
-0.385350135235 0.492163579492 0.0151699168471
-0.362895746075 0.458418457313 0.0484828076035
-0.343614733481 0.422930170713 0.0818645561055
-0.340127706294 0.382255679082 0.114678489565
-0.352793110916 0.340301709578 0.143338585017
-0.37691765258 0.299942100914 0.166422326406
-0.411130399487 0.263597060787 0.182330956046
-0.450280626665 0.230480113707 0.192968790902
-0.486967426311 0.194912053745 0.205177338673
-0.506441517715 0.149968516202 0.223821439307
-0.508846111592 0.10166695522 0.244007118875
-0.516616053041 0.0514006871828 0.257256585529
-0.526974645744 0.000599419485751 0.264825803189
-0.546384977556 -0.0480134035741 0.263547723722
-0.568885766171 -0.094630800465 0.254567666669
-0.596732908605 -0.137732708651 0.24373642633
-0.62119387827 -0.183245950103 0.235051996284
-0.658187685433 -0.217755827134 0.220465960384
-0.700195315666 -0.244149218605 0.203525080826
-0.732024327146 -0.283672347915 0.190604318257
