0.0512228875737 0.185886152981 0.792759778434
0.0363031933754 0.150594441704 0.828496192758
0.0089154219669 0.11856646877 0.859731885766
-0.00468423045706 0.0761741489672 0.887367111826
-0.0292507274002 0.036540312632 0.911266223503
-0.0484367663113 -0.00832780206937 0.930371634152
-0.0565877222072 -0.0582055616797 0.944264485617
-0.0740437712773 -0.106976043531 0.954133220868
-0.0735797003868 -0.159226379729 0.95777540639
-0.0719900777932 -0.211613793391 0.956782036836
-0.0722274795979 -0.263683023184 0.951319900654
-0.0581097327371 -0.312798724824 0.939913172383
-0.0299078568236 -0.35375734368 0.92351171267
0.00743035978807 -0.384468016988 0.903310826113
0.0519545134404 -0.401190835023 0.881277124808
0.0911589018754 -0.422750801246 0.854080722933
0.122900567627 -0.449788982953 0.822334420976
0.145044469308 -0.482206393679 0.787428731994
0.175376865414 -0.501895074392 0.749511120009
0.213003265291 -0.503955786267 0.7131420972
0.254710956088 -0.491544039584 0.683999711155
0.296369916687 -0.465807016294 0.665323548475
0.333106480293 -0.428786188476 0.660206249587
0.370504723666 -0.392980173333 0.652276660198
0.408043982135 -0.364968571833 0.628840799486
0.441734586231 -0.347839216151 0.592585665552
0.468146132266 -0.343435195367 0.547577333803
0.484214272252 -0.352656865224 0.498594556642
0.488935029346 -0.373043343121 0.450542323922
0.483740812195 -0.400084529361 0.406009019516
0.466781096974 -0.434226206592 0.3701241285
0.441878205314 -0.470373216686 0.341584050874
0.421594986825 -0.495051774081 0.300097977673
0.391397724755 -0.524005575371 0.26861806461
0.361594685874 -0.546006742706 0.231603847765
0.324861820735 -0.568689237045 0.201966185586
0.282266816538 -0.592033484862 0.181996818874
0.236664474535 -0.613003581046 0.167005818714
0.195000379595 -0.627709881678 0.138878705708
0.152781626793 -0.642285078352 0.111419564116
0.119207773152 -0.648617100693 0.0713044802092
0.0846339940158 -0.65621878898 0.0327112596777
0.0558844943348 -0.659634462972 -0.0110292447842
0.0338003442902 -0.658239731742 -0.0586166097473
0.0210548946595 -0.650536498261 -0.108966217829
0.0172160166438 -0.637590829842 -0.159576365825
0.0278290792686 -0.617800124187 -0.206894671402
0.0447643998904 -0.594952017744 -0.250931418911
0.0750431722617 -0.568980559028 -0.284962081232
0.106278384425 -0.537738759807 -0.313254632787
0.12373439501 -0.508405139032 -0.35297064299
0.151545184915 -0.472950097783 -0.37965804543
0.166142247901 -0.438964661054 -0.416746037586
0.164655928474 -0.411691178726 -0.461436669756
0.155559620785 -0.388243483477 -0.507399276928
0.145117241094 -0.365200263918 -0.553286782877
0.147553778647 -0.333490454039 -0.594939120186
0.16290393847 -0.293160198303 -0.62477132488
0.161348160392 -0.259617642243 -0.665030800327
0.154126199827 -0.223197445922 -0.70197183142
0.131468151163 -0.199398694214 -0.742796556311
0.117811326021 -0.159803500829 -0.774271833584
0.0893504854399 -0.129641398511 -0.806300549296
0.0505427590613 -0.112973309461 -0.837390761232
0.00562162587866 -0.118328889623 -0.864292458999
-0.0379752131552 -0.123779560338 -0.892996431615
-0.0797020966985 -0.10920827968 -0.921356002145
-0.116776248401 -0.0820691261822 -0.946565802616
-0.151579934661 -0.0480528661551 -0.967467393429
-0.193077547123 -0.0207494967266 -0.984089041144
-0.230003536869 0.0144374939051 -0.996091159848
-0.253329573997 0.0610904802695 -1.00178956511
-0.290316078831 0.0991789656095 -1.00344117696
-0.328806736756 0.134654124944 -1.00100277131
-0.36981858748 0.167151176032 -0.994385839473
-0.385448279807 0.215923798365 -0.981883500697
-0.398901955482 0.263552781753 -0.964444966502
-0.401954678289 0.311385501621 -0.943081912989
-0.407142249258 0.356811527684 -0.91722239755
-0.425092555087 0.396215486266 -0.887323666386
-0.439377769723 0.433425933324 -0.853198579397
-0.458870725687 0.465038257112 -0.816211804046
-0.469980739766 0.496117291153 -0.775473310771
-0.463414054111 0.527185656951 -0.73377192083
-0.44050685234 0.554901639729 -0.695595752067
-0.409618927122 0.577286422739 -0.659604551886
-0.388524377417 0.596352224333 -0.615567246217
-0.365673308509 0.610184866446 -0.570509155104
-0.344341143333 0.62346689724 -0.524493009533
-0.322429722311 0.635676371831 -0.478409635257
-0.304230171335 0.647037458803 -0.430622087521
-0.275815506562 0.656912396612 -0.387494888398
-0.248681662349 0.665902787056 -0.343567066294
-0.22419885472 0.674210860088 -0.297961426213
-0.212855318078 0.682557372765 -0.24739795805
-0.214014822096 0.690136398506 -0.195333736827
-0.224687893721 0.697682737283 -0.144542832119
-0.224736732334 0.703041885284 -0.092406632176
-0.211441184625 0.70139689879 -0.041781167614
-0.188411215486 0.698694368493 0.00520265804303
-0.167067472344 0.694084434253 0.0528444157178
-0.157155242705 0.689602735134 0.104287085275
-0.145375660075 0.685558735909 0.155203828636
-0.11833115232 0.677952289537 0.19943810216
-0.0794032930676 0.662181451066 0.230729330936
-0.0325148406821 0.645697705876 0.247354466632
0.0100487758041 0.626595232552 0.271341400631
0.0500907646278 0.606375756477 0.298348993355
0.0773761483395 0.582073732058 0.335858661472
0.0888218811791 0.55582084281 0.379727709145
0.0834954529416 0.529636245986 0.424874616521
0.0703540291882 0.502270891611 0.467611933663
0.0710152663352 0.467825657342 0.507048633297
0.0604340962693 0.436344075396 0.547528675609
0.0613997022595 0.400385833813 0.585623194755
0.0761854623434 0.361807788328 0.617813165296
0.0958805976886 0.32268311615 0.646514730154
0.100394702048 0.284004462265 0.681515228634
0.0888193490572 0.248866213098 0.718597300837
0.065253000846 0.219470253575 0.755069615107
