-0.238448706376 0.766754124222 -0.262081329244
-0.284304741145 0.754374951714 -0.239927479771
-0.329695050664 0.742794712805 -0.21628614245
-0.372022358784 0.723535900707 -0.192071827331
-0.410030678838 0.698066647139 -0.166568867024
-0.447098807283 0.673366718401 -0.138906602062
-0.483990258958 0.650105830564 -0.109833719996
-0.518102541105 0.61726496739 -0.0872771785347
-0.553106001387 0.590219711628 -0.0591683037303
-0.587923579701 0.566667584053 -0.0278992667716
-0.62205660788 0.542855706331 0.00395241621955
-0.655799587233 0.52856408932 0.0414760858997
-0.688874526671 0.513092161802 0.0790928308508
-0.721892218204 0.496010176358 0.116601415943
-0.752250383972 0.464338514256 0.145240150606
-0.782263047481 0.433040508136 0.174704081893
-0.811356790925 0.402902423276 0.206260512952
-0.833999180521 0.364452774736 0.233809927721
-0.852131248772 0.324147417037 0.262078262884
-0.865634975376 0.284096299697 0.293239400548
-0.871443959097 0.240952174788 0.322400912415
-0.871092341022 0.190504461774 0.337094230476
-0.871166887934 0.141601713799 0.356210466801
-0.876192542245 0.100548482328 0.388584841647
-0.87986760365 0.0601826971772 0.421882768261
-0.888180991703 0.029132109578 0.463436192085
-0.893751366218 0.00431817222326 0.509210566755
-0.892968373355 -0.025372534854 0.552335260279
-0.884675726735 -0.0593910490099 0.591269320477
-0.868197852163 -0.0980647335373 0.622567050609
-0.844017306151 -0.13790337788 0.646503352055
-0.812060641462 -0.176161844086 0.662710886096
-0.777236942464 -0.21398014008 0.672742495012
-0.742093447661 -0.252569604281 0.677370033671
-0.70630306026 -0.290694469231 0.681193463328
-0.6704057495 -0.328649022786 0.684889729234
-0.636194204767 -0.366780320591 0.673851496654
-0.604503398178 -0.402059443434 0.651505245287
-0.565562268383 -0.435418200761 0.640850607948
-0.521673113377 -0.463743058946 0.644520425285
-0.476936949148 -0.483663847553 0.663175970701
-0.432821005472 -0.501075643797 0.685444544947
-0.392322654905 -0.514363761734 0.715985911004
-0.353307858091 -0.526309160734 0.748870215026
-0.307972497055 -0.544141049798 0.768117431134
-0.260438111856 -0.565346262804 0.773850388984
-0.213562131286 -0.587252738468 0.765694829461
-0.168269060619 -0.608408088516 0.750111421775
-0.130354399501 -0.627926080576 0.719731203835
-0.104238980344 -0.646069484963 0.678063192447
-0.0690072472718 -0.660237143847 0.641681812514
-0.0287726808821 -0.669988081855 0.609490767436
0.0200773912744 -0.67830671132 0.592047896725
0.071563498959 -0.68584717879 0.585447722781
0.120513057261 -0.692533018702 0.56782925823
0.161388029762 -0.697696122827 0.535415778228
0.188030152528 -0.701832853044 0.490441793174
0.214872077172 -0.706774707776 0.445586470299
0.250000979365 -0.711270786667 0.407023650741
0.28773245577 -0.714829839638 0.370563938391
0.329093679768 -0.718042667454 0.338616788572
0.370086365593 -0.720139963177 0.306060681332
0.407421557115 -0.721211278457 0.269366423652
0.442530470682 -0.721289230471 0.230429565588
0.475792952792 -0.721477945126 0.18996654827
0.495109625114 -0.71988085468 0.141281328558
0.508414012956 -0.714874053254 0.0906748707682
0.518132597241 -0.704020802119 0.0402735761412
0.525125874561 -0.688087503049 -0.00924995329262
0.543632547193 -0.668597963163 -0.0542363410441
0.565169389512 -0.648599320078 -0.0976082724178
0.590723745427 -0.628985852222 -0.138893592945
0.604425632919 -0.605515905681 -0.183672161543
0.60047554227 -0.578614073052 -0.228444020142
0.585706808762 -0.549741673889 -0.26959293922
0.577650617135 -0.515777948198 -0.308627477277
0.578841645086 -0.479537677393 -0.346629494868
0.56938520138 -0.441869323358 -0.38213619756
0.578547564372 -0.403349341619 -0.416456366834
0.602015777844 -0.367489632654 -0.446685218502
0.638759239784 -0.338295387395 -0.46995836477
0.66269887523 -0.302133131649 -0.499299657615
0.670429122303 -0.262088965163 -0.532149313312
0.686714179073 -0.223713133992 -0.56424659364
0.705943871889 -0.184593185437 -0.594788927704
0.701290887159 -0.14023457417 -0.622769593771
0.709015780454 -0.0933221580448 -0.645431965851
0.738522101567 -0.0533043235945 -0.662516682209
0.749869835169 -0.00628149416818 -0.683235592805
0.762009369924 0.0403797372514 -0.703683661305
0.757803040904 0.0883031132061 -0.724441771422
0.745214053295 0.136604153708 -0.740431102664
0.733007978891 0.185502776502 -0.755312513498
0.725916842025 0.23736312767 -0.760517287855
0.712226186891 0.28811177198 -0.755004269954
0.716296910164 0.337996581571 -0.738624952252
0.724938371361 0.386570484645 -0.720055384955
0.717006721724 0.435082137684 -0.701544117847
0.69255933558 0.4786620722 -0.685685977184
0.655476563763 0.51152494646 -0.668637131516
0.614646384564 0.53958940845 -0.651706480195
0.570131272245 0.562268693705 -0.63602562934
0.524076509149 0.581872235341 -0.620547326431
0.477787383957 0.60097577232 -0.605213692406
0.43259030417 0.621410819968 -0.587901842557
0.396231383699 0.651841022947 -0.565611267238
0.369528543594 0.689032259285 -0.540192516991
0.338151365372 0.722441372004 -0.514861308567
0.298447553073 0.747683663046 -0.491807904686
0.253089910163 0.764279969175 -0.471566371488
0.211547770992 0.785758344734 -0.447954024068
0.176902761598 0.813799319338 -0.420400505866
0.136488307616 0.835680203316 -0.395301048776
0.0914576215791 0.850991398895 -0.373157585797
0.0428730045042 0.858408486827 -0.354710061954
-0.00781619889377 0.850807914199 -0.342876402913
-0.052668298851 0.824409494899 -0.336037982116
-0.0984474740787 0.80204880725 -0.323671124053
-0.145277840345 0.784493425237 -0.306584516243
-0.191326137035 0.777945180543 -0.282113204232
