0.384804869556 -0.269716268141 -0.814014577237
0.339598949995 -0.25095288543 -0.832690609772
0.297528752441 -0.223594204688 -0.848063580439
0.266273158707 -0.183039831164 -0.859305492115
0.231023433954 -0.144722676454 -0.865336714613
0.211705762256 -0.096029779562 -0.867327146523
0.176049841666 -0.0581006797294 -0.861516348079
0.156730024589 -0.0104928647336 -0.851251336395
0.154876943421 0.0406683898332 -0.84010564984
0.152340846887 0.0906389151743 -0.824312394129
0.133046218484 0.134642525591 -0.803293582719
0.0991537148954 0.167063194058 -0.779895805145
0.0640831770109 0.195382595097 -0.753135561692
0.0245092397768 0.214811099063 -0.724723125934
-0.0213562683708 0.217247193018 -0.699490815598
-0.0614924543049 0.225533654716 -0.666902554356
-0.0899420070048 0.244539213572 -0.627248580738
-0.111872935126 0.265402665968 -0.584442869771
-0.138647915119 0.28004050169 -0.541870849373
-0.175438097023 0.282486014637 -0.504578052937
-0.215297249129 0.269157659363 -0.473269305828
-0.254163467322 0.241697437353 -0.451328473055
-0.287573492428 0.204431774591 -0.435862766523
-0.321620040623 0.177479716444 -0.406559111706
-0.355026605818 0.148061412241 -0.378851779664
-0.386657580809 0.128316532808 -0.342089869139
-0.418474890792 0.104206449883 -0.308107903184
-0.449963034766 0.070174056711 -0.283682167645
-0.478828192092 0.0280411535684 -0.272043593979
-0.500306791078 -0.0196813737596 -0.270077472224
-0.52389156206 -0.0624483671687 -0.251194242415
-0.549489605753 -0.0948164183252 -0.218968045101
-0.573508215483 -0.1137460049 -0.176470521623
-0.593425972977 -0.11730822835 -0.128181833656
-0.607194482024 -0.104624533619 -0.079287677915
-0.614120584314 -0.0784984590933 -0.0344483875407
-0.626808556247 -0.0676914421641 0.0151848602886
-0.639397892972 -0.0747590351167 0.065512980509
-0.651385252703 -0.0980354567731 0.110853738224
-0.661432142748 -0.135111336668 0.146429628914
-0.668179253438 -0.182171710514 0.168362461776
-0.670691915541 -0.234099602296 0.174576462408
-0.668840593749 -0.286412890682 0.172966865898
-0.661800869102 -0.338299001541 0.17218124736
-0.650383978157 -0.387931484688 0.184317870796
-0.635799832409 -0.430242447147 0.211487132918
-0.619348066429 -0.460719486053 0.250751301032
-0.602771654161 -0.476171056736 0.297950724214
-0.586318973575 -0.474083078477 0.347632102626
-0.57431378846 -0.455571646643 0.395137225081
-0.570885108246 -0.42414466446 0.436892543498
-0.576615066948 -0.382517826017 0.468156910066
-0.5914847268 -0.335565915839 0.485995928375
-0.613307912023 -0.288030841183 0.488749264266
-0.627357266759 -0.238770746453 0.49969706323
-0.629966126578 -0.191439761065 0.522031858443
-0.62057828528 -0.151294813854 0.554381978643
-0.600228456741 -0.122465733706 0.593129345448
-0.570975748914 -0.108111206251 0.634160067737
-0.538305793667 -0.0931929868435 0.672255454094
-0.507729982011 -0.0634771925656 0.702640540752
-0.482372284022 -0.0219520140556 0.721976680767
-0.464971204007 0.0270196883805 0.728324596568
-0.457511874156 0.0782665155534 0.720601519054
-0.460933175531 0.126324469961 0.700083487075
-0.452842997769 0.175122082844 0.682909123971
-0.430377976548 0.221241372133 0.672410115187
-0.395513537191 0.260234706945 0.669908848594
-0.351417929232 0.287789443582 0.676097214632
-0.302735839702 0.300714479952 0.690409407697
-0.25427133775 0.29910310679 0.71019323546
-0.208930441704 0.285073562347 0.732378535779
-0.15780519986 0.281085070722 0.74321221639
-0.10600033484 0.288661576036 0.740897122598
-0.0577229494104 0.304210781299 0.727860778355
-0.00732497674738 0.311220514359 0.715536155751
0.0440298032335 0.30348768445 0.708907342844
0.0922941874449 0.283251103806 0.707119558858
0.135348813117 0.253470241343 0.708563557733
0.179046393586 0.225279389636 0.70243120359
0.22303299943 0.201602008467 0.686713671811
0.266271048565 0.183514387082 0.663362455877
0.305614453799 0.164039452446 0.634744786818
0.34431891707 0.154173615679 0.600859853872
0.384004879504 0.136353466386 0.57150368291
0.417841643306 0.10293711789 0.549408450822
0.449888135774 0.0696820333267 0.524680811717
0.48414049032 0.0493829487693 0.490668096539
0.517224671887 0.0442811268171 0.450404353086
0.546707784959 0.053189776705 0.408053743821
0.580382890235 0.0504305856323 0.367738865208
0.613878338414 0.0469876039746 0.327531218554
0.645590329278 0.0438578235399 0.285855247241
0.675034544124 0.0486935236745 0.242759837803
0.703269008517 0.0381144627706 0.199934739566
0.727515408318 0.0374854604963 0.153533010115
0.747326377154 0.0457256503622 0.105728947572
0.760772366738 0.0580854806364 0.0565677529943
0.768541923136 0.0733328249302 0.00708352771945
0.768795777873 0.09478549912 -0.0406983838465
0.768622421963 0.112805170868 -0.089876779328
0.769610945119 0.115484416052 -0.142167138907
0.775537186208 0.103260533961 -0.192760539351
0.782518742797 0.0761537063845 -0.237009963488
0.78856432168 0.0368566328096 -0.271088617069
0.785889727361 0.0054844560459 -0.312955333475
0.777551999355 -0.014884341497 -0.360471405866
0.766553059615 -0.0231057655342 -0.411008604972
0.750998177109 -0.0151061758394 -0.460425899949
0.734045534074 -0.0251610298489 -0.5089436204
0.714010296678 -0.0419076243038 -0.554331584171
0.689869352238 -0.0586084263656 -0.59768257653
0.665179165305 -0.0855348642907 -0.63518903032
0.643001387474 -0.12424688442 -0.662637634052
0.619672253891 -0.165701316439 -0.684530418066
0.593835070216 -0.207512470209 -0.702642897946
0.559908696543 -0.241118101006 -0.724115818722
0.520641040108 -0.267938693574 -0.74607333559
0.476126769597 -0.27967765001 -0.771025795853
0.429198479789 -0.287738414096 -0.792825135042
