-0.0501144679867 0.787235619353 0.0433181410484
-0.0581787401471 0.815329680884 -0.000134779037289
-0.0821771821806 0.838264960137 -0.0406497121637
-0.108055360096 0.855718344251 -0.0827045629484
-0.146735906192 0.870494399712 -0.114756884121
-0.194294066011 0.881434557851 -0.133794987072
-0.245774135215 0.88823856446 -0.140653281373
-0.295217864931 0.89728616973 -0.155444979006
-0.342507038692 0.907989188118 -0.175914814878
-0.39461705473 0.908906944312 -0.181588473901
-0.445418192562 0.899464753634 -0.172642810585
-0.488959929 0.880811281054 -0.150154844206
-0.532747389632 0.856717488664 -0.134315308555
-0.563785148142 0.826666058761 -0.104611429348
-0.600024578724 0.792584888446 -0.0875785698751
-0.639083263519 0.757505710959 -0.0873376233748
-0.669503499409 0.715966438624 -0.0776868130593
-0.68761950471 0.671239507831 -0.0573417992047
-0.707482133379 0.624150335302 -0.0457796995125
-0.724300493165 0.575182833995 -0.0377397724849
-0.730013019651 0.527079597587 -0.0177192112599
-0.725976364356 0.484443270227 0.0126299240484
-0.717534183572 0.444682111064 0.0458393461189
-0.718322989107 0.397526718111 0.068773460591
-0.730156084551 0.347672947071 0.0798547941235
-0.752320221504 0.299466551202 0.067015323745
-0.758309449549 0.246225381148 0.0670590717298
-0.771337754757 0.198785227173 0.0487389451416
-0.785640218602 0.153873565555 0.0257069996474
-0.79955576419 0.12042659993 -0.0124987178159
-0.805950280548 0.0823296529741 -0.0481981231627
-0.801213964592 0.0360805665842 -0.0725466544226
-0.789476562107 -0.00949765458113 -0.095637380862
-0.778193582042 -0.0429390882025 -0.134441634768
-0.764381471058 -0.0710701290843 -0.176593864653
-0.741278440933 -0.10398924563 -0.210250941433
-0.721771111866 -0.124688915769 -0.254275257913
-0.700530370996 -0.139287649523 -0.299898922329
-0.667475530352 -0.160785333186 -0.334393050458
-0.627926377142 -0.190450897922 -0.351732267302
-0.589196593213 -0.225767793705 -0.350969535314
-0.557287567081 -0.26203654494 -0.330370829892
-0.534618704892 -0.294902032116 -0.296134001272
-0.509371832219 -0.328827075618 -0.264988857828
-0.484294222692 -0.361637038472 -0.232708764253
-0.453123015443 -0.395885657043 -0.207984174186
-0.415044685481 -0.430373827076 -0.197574405114
-0.373433117254 -0.461467266888 -0.204505897276
-0.331649286911 -0.492925357342 -0.206996310779
-0.289821797368 -0.519371592064 -0.22414773605
-0.250026325562 -0.535197305712 -0.254319666363
-0.216027190145 -0.537541484853 -0.294142129117
-0.187280483203 -0.529459571289 -0.337250800111
-0.147499829325 -0.530535699634 -0.371334232269
-0.105851382917 -0.532798112959 -0.403079721266
-0.0586359453159 -0.542919589647 -0.423476229352
-0.00976091206234 -0.560838258621 -0.429533710843
0.0369332563569 -0.583901423043 -0.423005253917
0.0805710628579 -0.609043172481 -0.408634295151
0.127157355493 -0.631570055756 -0.400612825066
0.176980811689 -0.646026498615 -0.407763517743
0.224806786144 -0.650616563314 -0.428708576359
0.274687690547 -0.659289116007 -0.442139277562
0.325353074716 -0.672177919494 -0.438330769938
0.371273739511 -0.688004635471 -0.418566039864
0.407231401678 -0.708380659918 -0.386271428728
0.432145005435 -0.73086775489 -0.34599421551
0.461897823074 -0.747173539228 -0.306082886193
0.487703928576 -0.75974092706 -0.262279452904
0.522050593479 -0.765365982114 -0.222859909321
0.537625075601 -0.770115496694 -0.173026251547
0.535688565228 -0.772551870493 -0.120727921823
0.517640340996 -0.772602627108 -0.0715809152412
0.511272862611 -0.766742707865 -0.0199467518303
0.52077265665 -0.754955211383 0.0301707705465
0.544836947688 -0.738498736657 0.0736586151208
0.579978362809 -0.718960475457 0.10720061994
0.608914480458 -0.693875662577 0.142961996647
0.622014296641 -0.664678743333 0.184474488031
0.632798150075 -0.632273538962 0.224268905582
0.658627312358 -0.596370373621 0.252299504398
0.67256985004 -0.557028946165 0.283978035875
0.686492285374 -0.514822660181 0.3116739483
0.706051692656 -0.47058899375 0.331733289542
0.723326818132 -0.424039153298 0.348392172534
0.750006504196 -0.379231534252 0.353118711389
0.785186230358 -0.341609812095 0.343721901237
0.819888860546 -0.305484108123 0.328417555967
0.851859709597 -0.268487131093 0.309575726056
0.871507327798 -0.221283361693 0.298116340332
0.875747187112 -0.169077375035 0.296054013018
0.863833242252 -0.118565969301 0.303764728415
0.837272459951 -0.0763325803894 0.320302332119
0.805593263389 -0.0375445404229 0.336002050997
0.770184214268 -0.00141967987064 0.349533519929
0.733001557196 0.0343210698317 0.358554662414
0.691413583574 0.0635237286163 0.371258553141
0.647915158628 0.0884864960693 0.386401605674
0.602319739976 0.107156876041 0.404137937487
0.555406467344 0.117835321998 0.42488252544
0.508798175894 0.135357372707 0.441201772816
0.463963592284 0.159961299271 0.452484125512
0.425600620457 0.195543089481 0.454807548655
0.397348879184 0.238762308662 0.446063062469
0.380927288685 0.283428082493 0.424193520648
0.363221562792 0.325600798036 0.398620088373
0.336400814903 0.363283189185 0.374034749689
0.3019993367 0.394004127611 0.348579090258
0.257424072434 0.419157909791 0.337085726948
0.2083202599 0.437748188667 0.338911590735
0.159853266059 0.457571653716 0.338750914192
0.116191632812 0.484306045712 0.327754104666
0.0781723116852 0.516011434417 0.310489475743
0.0536661609011 0.553285669601 0.283033373865
0.0171442521531 0.585880042652 0.264394677369
-0.0120341353297 0.62119949792 0.239003166952
-0.0262903723499 0.659147495151 0.205820784135
-0.0236878258748 0.691198318714 0.164464337531
-0.0359547425157 0.72505247955 0.126428616374
-0.0427203028522 0.75689024849 0.0853532178098
