0.448077985659 0.36669025973 0.581863262424
0.399187618303 0.35381509997 0.596006149564
0.352706720379 0.332190974062 0.607017152108
0.310265433803 0.302194189646 0.614747979415
0.27196869338 0.266637097262 0.618541938726
0.230285934348 0.234891846815 0.620316088355
0.180353333581 0.219044900113 0.619717178194
0.128082963166 0.22151359977 0.616734212636
0.0765034010108 0.229392464709 0.612294423687
0.0251942544021 0.238903569285 0.608010633081
-0.0241095383806 0.25614916799 0.603024909114
-0.0684801030066 0.283548834397 0.597472841888
-0.118658760469 0.297477545711 0.592009250978
-0.170730864976 0.297536934115 0.586454895196
-0.221702514029 0.286986005953 0.580819258494
-0.273805864787 0.288274163346 0.575449117742
-0.324481677595 0.275748473229 0.570050252654
-0.368840592475 0.248355101314 0.565226053333
-0.404562959761 0.21023505314 0.56147724372
-0.428795300807 0.164340044753 0.554243324534
-0.438027387321 0.113559645348 0.545129801048
-0.431686992258 0.06186235218 0.539175870944
-0.412565844725 0.0130067474157 0.537225489952
-0.38715245393 -0.0328082570207 0.536466152142
-0.369884659715 -0.0820127909172 0.531396254979
-0.367614881788 -0.133303484699 0.521031221278
-0.380929959114 -0.181739360369 0.506213597063
-0.408518964634 -0.222552230654 0.488419667572
-0.446853862712 -0.252862876542 0.469486545315
-0.482133662596 -0.284895682704 0.447763706477
-0.505020938076 -0.32464190506 0.422511369574
-0.51758615791 -0.367402088599 0.395033908988
-0.513491404421 -0.412281708092 0.368368528183
-0.493018765187 -0.454645362821 0.345366180462
-0.459334366285 -0.490563566587 0.327520320107
-0.425802402088 -0.524109072685 0.305275847547
-0.403013646168 -0.557746091773 0.27222732779
-0.394787704581 -0.588763086979 0.230847885981
-0.401968820147 -0.613864138846 0.185465530934
-0.423631207285 -0.629877005762 0.14057362596
-0.443510386127 -0.640226754621 0.0931687388843
-0.475618677684 -0.640314394765 0.0517021269499
-0.508177187105 -0.634506032522 0.0111086690647
-0.542340357019 -0.622797662359 -0.0268402384083
-0.5821350008 -0.602080199301 -0.0539584257525
-0.621422159336 -0.576032531185 -0.0767745733679
-0.661691682896 -0.544457276479 -0.0879157302668
-0.693661654429 -0.513004202999 -0.114956068947
-0.713766214389 -0.483909698329 -0.153690423434
-0.739005619134 -0.445494770146 -0.178786260382
-0.767538340603 -0.402384652305 -0.187166815066
-0.786546369222 -0.359071313336 -0.209628402999
-0.797680375944 -0.316893339958 -0.238606842191
-0.796669303664 -0.281743093312 -0.277411570025
-0.783336660994 -0.257375840708 -0.321808469785
-0.759591829766 -0.246618749828 -0.367233327274
-0.727906510541 -0.25014211305 -0.408796629979
-0.691240706747 -0.267560231724 -0.441916794758
-0.651999184121 -0.29275112505 -0.465925024489
-0.609343734094 -0.315436703659 -0.486212542675
-0.562567882722 -0.324109402223 -0.508219674143
-0.516854349892 -0.31630238915 -0.532625535798
-0.476663491931 -0.291360533157 -0.555245734293
-0.44686765204 -0.254890368398 -0.578357585057
-0.424460358278 -0.214000681078 -0.602582028276
-0.402173515522 -0.173434828555 -0.627296717647
-0.376920104356 -0.13234026275 -0.647734192673
-0.353158950307 -0.0881791206747 -0.663909583184
-0.324584836066 -0.0458005630865 -0.675641939952
-0.289301798905 -0.00754561310357 -0.682145725437
-0.249430718317 0.0264141790854 -0.683728526741
-0.200518899609 0.045651925383 -0.683995619081
-0.156482135985 0.0742065109729 -0.684842216371
-0.114021504217 0.104885212139 -0.684908071243
-0.072669562963 0.137086751944 -0.683953565116
-0.0451049679791 0.181618385182 -0.682930947524
-0.0158466015434 0.224904945658 -0.679553710719
0.0253427826618 0.256393577746 -0.672178658302
0.072573040419 0.277461917678 -0.663941816489
0.124174632835 0.282706167131 -0.656772534225
0.175692586807 0.275532283472 -0.650713925345
0.227788808266 0.275064899744 -0.643159061068
0.27948733725 0.276647739449 -0.634762502267
0.331153536252 0.277155412197 -0.625976064404
0.380724311884 0.291977798179 -0.617202747298
0.419766769225 0.324540547754 -0.604281200137
0.459055792689 0.354292581223 -0.586299885445
0.503976338063 0.367200730615 -0.562581430126
0.549259916485 0.363379631044 -0.536193248448
0.591563023658 0.35995874824 -0.505382753661
0.632658799411 0.34872953245 -0.474922191628
0.672784938514 0.328952489499 -0.447636002105
0.709461906478 0.304115761538 -0.419599152265
0.741965413169 0.275982926827 -0.389659436267
0.769632813008 0.244148704648 -0.35863629757
0.794852872236 0.21537191227 -0.322835512644
0.815321982431 0.184327384965 -0.285770930969
0.834206714673 0.159679792068 -0.243516746433
0.852598117898 0.153769464958 -0.194818769786
0.867601311425 0.16821314504 -0.146583426571
0.878480360171 0.181077968998 -0.0968672086831
0.888292523195 0.192570990926 -0.0466206301984
0.893276969727 0.201586287668 0.00475624222822
0.892272605505 0.205955521472 0.0569340040652
0.887084389792 0.194346346981 0.107745271437
0.8796487631 0.16742356019 0.15212062809
0.867147379566 0.134878700901 0.191402698998
0.850015864303 0.107677851221 0.232739385133
0.828420564987 0.0905822054352 0.27754600147
0.803690636687 0.0888429146416 0.324103462369
0.776139846265 0.093855334829 0.368655267652
0.747463195618 0.10893935687 0.409933269757
0.721205027064 0.138118497813 0.444707456941
0.69958376101 0.178846071428 0.469627125021
0.678077500283 0.223191841549 0.487365598276
0.65257319983 0.266410765489 0.502597512557
0.622213468459 0.30695019308 0.516106410532
0.587031252774 0.343121003696 0.53028373181
0.544789412023 0.368862630765 0.547487075432
0.496324738344 0.378869984615 0.565145970579
