0.286127338129 0.650810664453 -0.605428308543
0.256607330353 0.673303872808 -0.568499845034
0.2326778421 0.693219737308 -0.526344379487
0.216958816945 0.710759472035 -0.47957136285
0.190040646605 0.727522644947 -0.437908726654
0.154141368764 0.742988139992 -0.402970179461
0.12336806568 0.757214114751 -0.362912429755
0.0914166525015 0.770329430004 -0.32356592864
0.0557511625226 0.780283445567 -0.286321071917
0.0218233876916 0.787856516096 -0.247167261001
-0.00866054806452 0.794947862708 -0.205169772091
-0.0346016479648 0.800567641333 -0.160008371416
-0.0645077840857 0.80543854268 -0.117192221625
-0.0999268063126 0.809696905373 -0.0787986748727
-0.137911339379 0.813331801317 -0.042943283142
-0.179716854113 0.813658385956 -0.0113911537905
-0.229683844329 0.810408339812 0.00401101856959
-0.281145396307 0.803133948971 0.0108151290753
-0.327466150342 0.790684305756 0.033901687189
-0.377980624155 0.77448413408 0.0367618283247
-0.421586468675 0.753360050943 0.0566560635991
-0.458612328636 0.728904592064 0.084507315208
-0.488515582464 0.701469210819 0.117635627061
-0.507398929052 0.674076918349 0.158171731021
-0.516744612955 0.650097160862 0.203956436427
-0.521236876998 0.627761722943 0.251379268789
-0.527853520628 0.603525843523 0.297337647835
-0.544388560836 0.572157867229 0.335861225874
-0.562764955151 0.536072229037 0.369154977734
-0.573800081033 0.50082893576 0.406560998837
-0.583053227111 0.465215460792 0.443819234287
-0.601263519331 0.423287311233 0.469387947063
-0.61753309385 0.381045060876 0.49615199424
-0.63048362379 0.33891699536 0.524640257551
-0.658143927854 0.296581603527 0.539913432919
-0.671504141934 0.246575688858 0.549903618799
-0.691287230026 0.198013488781 0.54944259311
-0.714469854632 0.151943959604 0.540005138005
-0.731467241953 0.103298801851 0.530663946564
-0.735463578839 0.0510315371412 0.531969199513
-0.728443065172 0.000588885553531 0.544537873961
-0.710429662417 -0.0422202439054 0.568853159655
-0.689882367328 -0.0862084462022 0.588637038424
-0.665170271632 -0.1255265688 0.612847564598
-0.641894851615 -0.167652146099 0.633611632093
-0.621419343968 -0.21466092135 0.644270629966
-0.596539785339 -0.259358686103 0.655963434544
-0.564586856203 -0.299250888278 0.667854324083
-0.524731962256 -0.322531968023 0.692806763645
-0.483213172713 -0.346520561627 0.71401175824
-0.442062221455 -0.37660830509 0.726363844397
-0.402498974806 -0.410816382805 0.72882870826
-0.358363427365 -0.439344558885 0.730570008349
-0.310451238317 -0.460386518427 0.73265946264
-0.259669508424 -0.472985622266 0.735237256623
-0.207544574809 -0.478480353959 0.736119460245
-0.155231548328 -0.479342454752 0.733916732909
-0.104522307496 -0.485508057752 0.722316187943
-0.0613149535689 -0.502506387762 0.698088063864
-0.0298231404658 -0.527394984429 0.664453549956
-0.0139011021429 -0.55762170294 0.624770764409
-0.0162617000634 -0.589768544935 0.583507979818
-0.0345025974352 -0.61949879936 0.544441045364
-0.0665032442244 -0.644441896261 0.511300422433
-0.0877082038231 -0.666032478627 0.468572594324
-0.1083134552 -0.683646903528 0.423738185513
-0.143149316639 -0.699957088516 0.388123021271
-0.174127837768 -0.716144115906 0.349143793482
-0.190707856014 -0.732292942213 0.30217760766
-0.191221416633 -0.747250830565 0.25199431055
-0.175266958313 -0.758928035946 0.203495995782
-0.14451090822 -0.766566344824 0.161798385669
-0.102442511722 -0.768095472469 0.130666235627
-0.0539454042602 -0.759420441048 0.11287423848
-0.0116273034998 -0.755393416568 0.0822230914177
0.0186114646494 -0.756117087482 0.0394719079807
0.0552076229114 -0.753225570251 0.00151673333223
0.0977754758096 -0.746489590894 -0.0285549850119
0.140571659748 -0.738790566892 -0.0578105936014
0.187328883325 -0.72773177184 -0.0790275297463
0.233977384648 -0.713276845448 -0.0980746874523
0.279745041305 -0.698474346886 -0.118840855252
0.323100212323 -0.684156582796 -0.14451776103
0.363858957957 -0.664923659809 -0.171264658952
0.394529829966 -0.648589987419 -0.210470733659
0.425347433805 -0.630897989771 -0.248946844778
0.460225991987 -0.605694617621 -0.278787376086
0.497187896301 -0.57356736852 -0.297535929145
0.532003305702 -0.537667272532 -0.313038898139
0.560197180466 -0.504754147572 -0.342416324759
0.591604169808 -0.465253442167 -0.356363699598
0.62218578901 -0.422804944068 -0.354351264899
0.648887448123 -0.379064063693 -0.343342622411
0.671020173171 -0.331568883975 -0.341903504453
0.685708346462 -0.283035214913 -0.355176308869
0.693521859729 -0.239596717141 -0.383573069679
0.696907023894 -0.203853884865 -0.42179771489
0.697897739084 -0.171041337902 -0.46265781255
0.693746460281 -0.149720417844 -0.510368825518
0.692661117376 -0.118323072869 -0.552320071343
0.695049064184 -0.0766430328068 -0.584044555109
0.695208287258 -0.0374488469542 -0.61876889147
0.693100657675 0.00709418312296 -0.646571878939
0.682516792491 0.0442154383853 -0.681947796418
0.665599391912 0.0766166954972 -0.719541863993
0.642336443824 0.100291992096 -0.760038578219
0.613782245462 0.116677300625 -0.800781691403
0.583131877322 0.141328509263 -0.835341569636
0.554267932393 0.178482497024 -0.85831531824
0.530142152406 0.224067221653 -0.867328346688
0.513400898011 0.273300589963 -0.861204101653
0.496278808982 0.32138141446 -0.849480438971
0.487103853855 0.366773718449 -0.825058790034
0.474529059875 0.410026745232 -0.798349245799
0.456070166564 0.451261325954 -0.771841333844
0.43546305144 0.489274726657 -0.742249092524
0.411232356559 0.524990217989 -0.712298262974
0.383536983562 0.562139870009 -0.687833953518
0.350935439658 0.595880450319 -0.664553932236
0.314748857872 0.625878207402 -0.641487401332
