0.159762928857 0.45242491046 0.553281877352
0.199662656168 0.463178862705 0.585442775596
0.240936156411 0.483774122776 0.610243123751
0.280383379708 0.515787675668 0.62309441616
0.319217101889 0.550693185972 0.62828039761
0.355510637993 0.588521776684 0.628851996645
0.396875258586 0.619906443203 0.635713360199
0.443108555966 0.639924562703 0.650170090463
0.490533036449 0.645697036087 0.671752139358
0.534224337656 0.63610277678 0.699077401666
0.57046917768 0.611840723511 0.728127572151
0.596596356797 0.574092135119 0.753340188852
0.61071994016 0.525876478627 0.768237702667
0.610933202202 0.473612649407 0.772693723072
0.596634557649 0.423285980131 0.76823276457
0.56814413236 0.380218594167 0.758739258069
0.550715728571 0.330973831789 0.753647426227
0.54865423883 0.278505554987 0.753474161676
0.563475204569 0.228371122638 0.75860180085
0.562326921619 0.175859535877 0.75864152754
0.545183198851 0.12648812382 0.75287248922
0.537566751957 0.0750418625241 0.743969676635
0.53305342156 0.0248860054822 0.729332445008
0.514591157648 -0.016876613432 0.703557510811
0.51205387166 -0.0610036470607 0.675196553672
0.497217073837 -0.0994814835611 0.642636654525
0.472506070081 -0.131514145918 0.609312805324
0.444550047579 -0.163502435602 0.578639212089
0.425321966526 -0.201379352039 0.547991827996
0.395319550149 -0.231553145057 0.517484497534
0.357090495603 -0.252142202537 0.488213637378
0.323919996952 -0.278187674151 0.457180606717
0.282197115388 -0.291872599192 0.428655320308
0.250444065607 -0.318281704063 0.396471650821
0.231717028055 -0.355382334223 0.364623269754
0.227756047534 -0.398906690268 0.335790805732
0.237511656444 -0.444527697726 0.311926049569
0.243909226614 -0.489811130736 0.286404693969
0.237288386154 -0.532728931745 0.256952246795
0.240334025802 -0.580685648336 0.228188477567
0.221575967122 -0.619565438098 0.196558304208
0.215406248686 -0.661454306066 0.165597536677
0.196650583847 -0.698325351767 0.133469859115
0.165627139419 -0.723249537157 0.0994275200453
0.125197411538 -0.7348797949 0.0682351194859
0.0793385353282 -0.732048268738 0.0431062864717
0.032560220306 -0.71476791443 0.0270816658766
-0.011301941431 -0.687204934539 0.0193912661512
-0.0578699814483 -0.671854931992 0.00094046315278
-0.100760111887 -0.6685685134 -0.0289473211203
-0.134664457338 -0.676733078351 -0.0680289987944
-0.156624762555 -0.695008870458 -0.111957585555
-0.163802335455 -0.722214509025 -0.156184716935
-0.15332043422 -0.75617244074 -0.194865870078
-0.150161385035 -0.780841941136 -0.2412387393
-0.145744043758 -0.801569608412 -0.289143153244
-0.134489648324 -0.821477593426 -0.336363469242
-0.125217114253 -0.834552197536 -0.386227667632
-0.125561015716 -0.834526061628 -0.438590299432
-0.131571060138 -0.823914887225 -0.489538615914
-0.149583122792 -0.799637578065 -0.53240710516
-0.168059846443 -0.769898403426 -0.571354668102
-0.191672048985 -0.732261620524 -0.599079415776
-0.21996140149 -0.689886008935 -0.611217494392
-0.251592383005 -0.648156293386 -0.611517725177
-0.273760646857 -0.602906128344 -0.625785170059
-0.284162502494 -0.559041500536 -0.652495852763
-0.282276716854 -0.520573948272 -0.687994996709
-0.270324355567 -0.487985379266 -0.727195350994
-0.260614710794 -0.44622274775 -0.757485341082
-0.252690965282 -0.398312094386 -0.777174235947
-0.253327652994 -0.34620995001 -0.782747049208
-0.263799907381 -0.295404546818 -0.775226762448
-0.280468455501 -0.248413854276 -0.759195444082
-0.300967166158 -0.204624872838 -0.739053293793
-0.318874473499 -0.158506252621 -0.721871069681
-0.336995250555 -0.112619446973 -0.703839314906
-0.35315807476 -0.0655193806649 -0.687438059192
-0.365787591483 -0.0154108724687 -0.678655578121
-0.371390291709 0.0361662742011 -0.671403151625
-0.374741450795 0.0880612145585 -0.665194623551
-0.370547632199 0.140249843153 -0.666847645756
-0.356341834583 0.189259994648 -0.67884674159
-0.341809158935 0.238459943067 -0.689516208624
-0.326957507024 0.288227640014 -0.698674860889
-0.318862782502 0.339980371386 -0.697995460484
-0.308055526175 0.391199067822 -0.699031873154
-0.295639754275 0.442045046864 -0.70043178052
-0.290870441634 0.493156354401 -0.690063201406
-0.288686657341 0.541374370032 -0.669677870123
-0.28555749717 0.587116843347 -0.644054000112
-0.290184976487 0.623444893039 -0.606603594392
-0.302636481869 0.645816320542 -0.560910343822
-0.32043036015 0.652121142219 -0.512051181735
-0.341716048753 0.641711346245 -0.465349431085
-0.363817598402 0.615535280639 -0.425747985704
-0.387669386912 0.577191800538 -0.399143222704
-0.407739601076 0.535156906594 -0.375115172363
-0.42052563786 0.501669040786 -0.336900442319
-0.425270479808 0.481689573138 -0.288707609497
-0.420535385599 0.476254697273 -0.236837218118
-0.414357903859 0.45782140988 -0.188185844232
-0.399561786096 0.445839792938 -0.139398704894
-0.385111783773 0.418166457592 -0.0973079419509
-0.368707864425 0.398226257606 -0.0515867336647
-0.350463532848 0.382065467843 -0.00510676352964
-0.32756822498 0.384373101708 0.0419404674274
-0.299655803472 0.402311804357 0.0825076307027
-0.269917792681 0.433875051438 0.112042611289
-0.234684273876 0.450830267434 0.147048607793
-0.200196868124 0.451515802316 0.186547526149
-0.165109435939 0.453467402458 0.225531057857
-0.128522386983 0.468305917448 0.260009638236
-0.0932718361052 0.468188286807 0.298750144997
-0.0578563462002 0.463375343675 0.337195328213
-0.0262637869704 0.446557709153 0.375527594445
0.00661840158917 0.431132206604 0.413506612802
0.0444388539898 0.428212194033 0.449759266839
0.0828802862225 0.432186317894 0.485089919477
0.121693369872 0.440955787425 0.519201409375
