0.330309043278 0.188961213431 -0.438038473651
0.337880225201 0.215841714226 -0.393732711891
0.334016416062 0.253191916958 -0.357220772524
0.319144399632 0.296508185631 -0.331792563697
0.299752293574 0.336253699407 -0.303706364309
0.277362496057 0.373036694214 -0.273777747527
0.25543072416 0.3989981681 -0.233878181581
0.234037470389 0.422856461185 -0.192415598294
0.221268165407 0.435020624329 -0.143104116844
0.218016487926 0.430566305989 -0.0910293236537
0.225227527223 0.412475155893 -0.0424182527268
0.243165506417 0.383916005065 -0.00234890888457
0.270395729155 0.348519763974 0.0250177590074
0.303107803121 0.309681091012 0.0378810597148
0.32901762738 0.273899973963 0.066015206318
0.345782295835 0.243872238624 0.105525278638
0.349521504472 0.220967867096 0.152491508202
0.339161268747 0.207236825127 0.201970074259
0.315759485044 0.204075910989 0.248726865799
0.281930719077 0.211292271185 0.288095312861
0.243970028511 0.229978630508 0.31910590127
0.205571025958 0.256284758846 0.343129020256
0.166814884698 0.26813212505 0.376324978181
0.130387204685 0.265846831115 0.413900053593
0.100337878011 0.248083468983 0.452967855517
0.0786813072193 0.21780284297 0.489864880956
0.0473386732585 0.19203352849 0.523011490314
0.00527234504665 0.17854929882 0.551214403393
-0.0385295296931 0.167351136563 0.577638812459
-0.0758306139757 0.144577720505 0.606542789694
-0.112167419397 0.119436934088 0.634668998785
-0.157168984296 0.106816575874 0.658297935056
-0.206782921635 0.108851015561 0.674938096117
-0.255812374078 0.125459912487 0.682846662933
-0.299342196534 0.154538740167 0.68154588042
-0.334966908338 0.191857315794 0.672603889834
-0.380680787575 0.217376378211 0.671643535688
-0.43134012988 0.22854373981 0.678782232262
-0.481496406441 0.224688801367 0.693332193743
-0.525973061616 0.206101988226 0.713789184844
-0.560678235594 0.175184403937 0.737888728786
-0.582591845187 0.133207640601 0.760228663837
-0.599065917694 0.0871888330321 0.779012619163
-0.600645471978 0.0367787598261 0.793101415622
-0.586472849998 -0.0130271428791 0.800892579053
-0.558106255573 -0.05704069797 0.801345988136
-0.518516896043 -0.0905861276236 0.794315816363
-0.471945121861 -0.110115453737 0.780476109319
-0.423385314248 -0.113289486294 0.761145289747
-0.376738402352 -0.100168666125 0.741232989367
-0.338938103459 -0.0716411676348 0.718868219994
-0.312948211121 -0.0315654568793 0.69736924057
-0.301272500256 0.0159111739588 0.67859980461
-0.279409042116 0.054667317696 0.650952062207
-0.24675506819 0.0807075479558 0.619345163308
-0.207014305776 0.0919359564877 0.587119720389
-0.164296531159 0.087996753228 0.557023060515
-0.123425759378 0.0915819794779 0.52445005641
-0.0859511081693 0.106527198958 0.490744791123
-0.0455160257702 0.111265215651 0.45667909919
-0.00465038120745 0.108280957607 0.423958289853
0.0336592515314 0.115052828198 0.388909323706
0.0715569648159 0.122204329979 0.35296145545
0.110232822335 0.12131688682 0.317606823621
0.144199945846 0.130851353806 0.278917427348
0.168177242512 0.153639509837 0.23831812059
0.1884955947 0.175244602001 0.195113410723
0.211398838153 0.182888161444 0.148649766251
0.235556313756 0.173463904562 0.103161981025
0.257761943958 0.148388893422 0.0629215960971
0.281221665815 0.115557776559 0.0293216109585
0.296608685975 0.0754705133577 -0.000712410559137
0.30615122382 0.0261755566903 -0.0157833490698
0.31087194641 -0.0236259447744 -0.0314370800475
0.3126760467 -0.0658537459726 -0.0624173411397
0.311448548103 -0.0958669609977 -0.105367042327
0.302800092028 -0.122971162692 -0.149457274596
0.290393595347 -0.135861852343 -0.198725238803
0.272588412058 -0.152387939385 -0.24515065621
0.249022609209 -0.180662466598 -0.282469972936
0.22507930359 -0.213270901611 -0.315796452109
0.201986786951 -0.255583119181 -0.33638143457
0.180190300184 -0.300541855491 -0.352197614445
0.154727427254 -0.33469013865 -0.382760448008
0.129347648771 -0.357130364343 -0.422814220822
0.102226510952 -0.381761603938 -0.46021951481
0.0741106612528 -0.417841972551 -0.48574897536
0.0485573125725 -0.46213808047 -0.497116273159
0.0282921720503 -0.510347821676 -0.49389209983
0.0039768060987 -0.556774151845 -0.493936952832
-0.0283121201614 -0.596838924911 -0.503766791695
-0.0664545856698 -0.626042830202 -0.524631975608
-0.106548954073 -0.641413939531 -0.554611751016
-0.144390967505 -0.641291522971 -0.590813425563
-0.179829468556 -0.628055280874 -0.627049747559
-0.210031205543 -0.604235357092 -0.662692664101
-0.246608293858 -0.583960598773 -0.694216032911
-0.277384234933 -0.553688887903 -0.723848618252
-0.302913871726 -0.516181912427 -0.750037517041
-0.315456415222 -0.469893056413 -0.771046316222
-0.313106341772 -0.419609180122 -0.785439521398
-0.295231924062 -0.371155893313 -0.794027454031
-0.263592936446 -0.329511535384 -0.79640752131
-0.224263428825 -0.294989143703 -0.794334300472
-0.186096298887 -0.259248616942 -0.791712448507
-0.143052822651 -0.230094118353 -0.785139813472
-0.0971957719664 -0.206719590911 -0.775229738656
-0.0576727594938 -0.172850524548 -0.769054582627
-0.0287880154123 -0.129157725611 -0.767558913911
-0.00132524308171 -0.0846173993891 -0.765776730436
0.0318019274671 -0.0441546543203 -0.7606109076
0.0707851733855 -0.0121212097002 -0.746321889091
0.108207711527 0.019211280034 -0.727364304502
0.139328862376 0.0561082615219 -0.707062919875
0.176457927806 0.0783208016533 -0.677426664232
0.210332140142 0.101125063203 -0.644615301405
0.239753794178 0.126177005987 -0.60920350254
0.269033089882 0.143065260701 -0.569209069535
0.298692888233 0.144300125499 -0.526078414072
0.320299617144 0.161296501523 -0.481366878586
