-0.14299634609 -0.0805891129024 -0.875290926378
-0.112137961263 -0.0392710504386 -0.865743062303
-0.0743619283721 -0.00327485666558 -0.860465352768
-0.0472653394512 0.037844591451 -0.842591586374
-0.00669363457271 0.0698231552572 -0.833756540706
0.0414485862423 0.0904730967614 -0.835767245722
0.0885174523073 0.112331707178 -0.827942084802
0.126056295252 0.138737952682 -0.802602826643
0.153853469586 0.167693545762 -0.768960151962
0.195757067904 0.186826184683 -0.743989438858
0.241398219492 0.19910879556 -0.721376705837
0.285419085542 0.20828833667 -0.694382625274
0.327369515856 0.213926078001 -0.663555538349
0.357513009487 0.224514724162 -0.622065814453
0.373525097112 0.241371826279 -0.575039942439
0.407314540141 0.251817477176 -0.536180628704
0.434072934732 0.267320519367 -0.493275293074
0.470942660012 0.277748316758 -0.457479131533
0.494037353675 0.293281734292 -0.413065430279
0.502441542022 0.312538089205 -0.365070592218
0.495669493378 0.334005844124 -0.31777399655
0.495085933546 0.354308117146 -0.269503508413
0.494979685312 0.374007200454 -0.220992857419
0.487786435907 0.393733037284 -0.172941506396
0.482677200115 0.412705443003 -0.124407367582
0.493405769527 0.428079848512 -0.0755146868621
0.510006987646 0.441066612197 -0.0275776934195
0.535622843209 0.452368983996 0.0167241419086
0.563980529271 0.461157126747 0.0600676542729
0.577431127303 0.474212401623 0.108967124466
0.590661564053 0.48557780447 0.158337816886
0.600752143884 0.497017482322 0.20856105372
0.619027631151 0.506155451556 0.256797992925
0.640883753861 0.507571309595 0.304453244249
0.646966291852 0.512225665083 0.356330219763
0.632413288981 0.523547271807 0.405474111808
0.603261366114 0.537167716516 0.446917490933
0.561531793379 0.553053561173 0.474956799075
0.516694033413 0.568696958562 0.499950703764
0.473348800867 0.583327466088 0.525600993844
0.425057354807 0.599182242357 0.53834029474
0.385095213734 0.61524632291 0.568258985574
0.345831015901 0.630745061444 0.599374531916
0.316809683953 0.639071444821 0.642231574701
0.279536889082 0.64386728366 0.679159760546
0.254602539847 0.640577395575 0.725479802498
0.242487954791 0.63105246262 0.775596912151
0.234170013942 0.615356209728 0.825035566483
0.210160069285 0.594130533511 0.86658732731
0.182289987152 0.567915188968 0.902518916772
0.147310354996 0.539865778933 0.929821501653
0.105390440424 0.514698980274 0.948596438293
0.0569104097263 0.495209475347 0.952286921822
0.00751975214618 0.479868116957 0.943549943203
-0.0385331912219 0.455412398346 0.938657634078
-0.082565733949 0.428165290613 0.930375831961
-0.122867030466 0.395817346312 0.921603214439
-0.153829115864 0.353572615511 0.921987852321
-0.171804840158 0.305633775839 0.932967629329
-0.174885625634 0.257318103807 0.952914530527
-0.1628439618 0.214216623651 0.980129174064
-0.151770372659 0.16663546131 0.999462793963
-0.150131353323 0.114454845491 1.00482107675
-0.158037818008 0.0633711769332 0.995736809854
-0.17450226836 0.0189776135981 0.973069846293
-0.196663110852 -0.0136042932011 0.938363721673
-0.221406524037 -0.0307279403586 0.895332197751
-0.245375161219 -0.0372656948227 0.8491970344
-0.262859849145 -0.0481329130067 0.800992648447
-0.276400681171 -0.0672301845265 0.753980236617
-0.290685573233 -0.0838145091458 0.706391705553
-0.300904792171 -0.107408446848 0.660710474687
-0.306750039667 -0.137614994313 0.618131028161
-0.310298258637 -0.170013732356 0.577048531745
-0.317804172079 -0.19353440572 0.53083535688
-0.331324138315 -0.202636757027 0.481030389688
-0.346257698068 -0.204557908448 0.430827032578
-0.359633772262 -0.210832742464 0.380426647348
-0.374540919022 -0.210307780828 0.330095637473
-0.383927088815 -0.226946619198 0.281268098278
-0.394733025885 -0.237792183125 0.231136468915
-0.405771657576 -0.255670615838 0.182751378551
-0.408844008682 -0.282406544112 0.137810842326
-0.404831504414 -0.321424217885 0.103121301217
-0.392987872086 -0.367874917541 0.0819856477483
-0.376987469944 -0.417426505369 0.0762766186296
-0.363081678682 -0.465041425685 0.0594694157907
-0.35339522768 -0.507007048496 0.0296832871341
-0.350392453615 -0.539064498864 -0.011609629211
-0.352641181094 -0.559590437557 -0.0597647388394
-0.352881136713 -0.582675872216 -0.107150113855
-0.351401566839 -0.607590621034 -0.153223416412
-0.345863044946 -0.637837514046 -0.195601225937
-0.335418715066 -0.674689564843 -0.231433633898
-0.323499813327 -0.712009249026 -0.26618095392
-0.319353624576 -0.738241147947 -0.311363669456
-0.320898640003 -0.756059883783 -0.360603240714
-0.330911190254 -0.760522073191 -0.411889496165
-0.344884014524 -0.765689977441 -0.46257506753
-0.347613552481 -0.775050394283 -0.51403760916
-0.344335540423 -0.783909223685 -0.565549512876
-0.338377504662 -0.787824821067 -0.617479162731
-0.329463462941 -0.787593222276 -0.66908625568
-0.323585955569 -0.772971794054 -0.719016232221
-0.316037377064 -0.752729963252 -0.766755881369
-0.304201342457 -0.731389789962 -0.813194010874
-0.288274870774 -0.709005364812 -0.857764284635
-0.270246526962 -0.682395947111 -0.899340308549
-0.2546175163 -0.646626413278 -0.934531253222
-0.237825571633 -0.607545768074 -0.965266311913
-0.225206950985 -0.561435486373 -0.986716145712
-0.217678063847 -0.510714707622 -0.997352656253
-0.217928436952 -0.458399308178 -0.994414465359
-0.226100474439 -0.409346131083 -0.977950631261
-0.22262611465 -0.358467136126 -0.965690329221
-0.205990244494 -0.309107093039 -0.959791365537
-0.197836450717 -0.260928366923 -0.940917209962
-0.202360563755 -0.218201137959 -0.910945910106
-0.193593359829 -0.170593739425 -0.890929710265
-0.172289175199 -0.123379133168 -0.88313295229
