0.465193460035 0.634671429689 0.142553398095
0.420810567006 0.626101370874 0.116062558383
0.375463792398 0.613732542616 0.0924225333521
0.325784014848 0.608651862125 0.0766462480429
0.282868155523 0.588985049527 0.0538466419829
0.234018840589 0.580377279515 0.0369395858812
0.185242756238 0.571085909768 0.020295403268
0.137889452924 0.558660913395 0.00170550161248
0.0992219418314 0.53316257271 -0.0227903600544
0.0603191787842 0.507370355577 -0.0466338522834
0.0175022290817 0.485648017595 -0.0675561307493
-0.0326139272235 0.478024041692 -0.0806959748293
-0.0843946541075 0.484564722581 -0.0850341641459
-0.136462527159 0.489015363378 -0.0895761432193
-0.188430155717 0.489778861414 -0.0958963943747
-0.239179949733 0.481928600967 -0.106341604138
-0.287789346745 0.46769957337 -0.119923567961
-0.326442922238 0.439050318944 -0.140808124723
-0.357817189181 0.404072203869 -0.164381355678
-0.370364117926 0.359113811795 -0.190335371009
-0.395217274459 0.318879958019 -0.213391094725
-0.430902185745 0.285878553128 -0.233446655795
-0.46686758263 0.253608772023 -0.253690210255
-0.499993566351 0.216814505237 -0.270864821101
-0.53375626728 0.178739080196 -0.283206684915
-0.572637801546 0.143934136147 -0.28911991708
-0.61594014543 0.114305465206 -0.28762360095
-0.664212242215 0.0965746002137 -0.277654344319
-0.709032978799 0.0724775349409 -0.265171485175
-0.751446384805 0.0465630723564 -0.248554026649
-0.796221573674 0.0347868199095 -0.224011430571
-0.839044101122 0.0379574450576 -0.193902726008
-0.876424486193 0.0570881434404 -0.162502732102
-0.904412861469 0.0920245275994 -0.135226973212
-0.939054347528 0.11306714144 -0.101955629247
-0.975201247643 0.117611843346 -0.0642359350792
-1.00846687916 0.103887481613 -0.026082008567
-1.03504674715 0.075728348937 0.00920094277784
-1.05502690192 0.0396460333672 0.041590191347
-1.06656487526 -0.00346305528473 0.0691178372408
-1.06919179997 -0.049651126276 0.0936983456563
-1.05945174443 -0.0996025308469 0.106138267945
-1.03850828852 -0.147640113764 0.104696191691
-1.01143030148 -0.18967052545 0.0891079591117
-0.979143008563 -0.220542089993 0.061771766028
-0.946446011059 -0.242877178555 0.0275140942852
-0.914166814026 -0.248966754572 -0.0132667632031
-0.885435993529 -0.238669190077 -0.0558295895897
-0.859684087108 -0.217700317962 -0.0963081213712
-0.830857398371 -0.195103348687 -0.133755087483
-0.793434850981 -0.186758250393 -0.169465105928
-0.760615806754 -0.168296627653 -0.205899514181
-0.726116661094 -0.147252290645 -0.239218308279
-0.692642980361 -0.119227997439 -0.268177146175
-0.648665765673 -0.106091102338 -0.293389697198
-0.603045616834 -0.0913888958841 -0.314474004487
-0.553508724224 -0.0841519142663 -0.329820879072
-0.502872815731 -0.0926018691875 -0.340115169284
-0.456329458278 -0.116253167655 -0.344077624615
-0.418800273492 -0.152691463193 -0.341757705076
-0.390147094019 -0.195932669728 -0.334574164988
-0.356277387874 -0.235540887363 -0.329070158701
-0.316050174703 -0.269072371273 -0.327466471803
-0.267899580943 -0.289883591094 -0.328047615472
-0.225257282946 -0.320086491655 -0.324183475105
-0.184713874862 -0.352410039042 -0.316689010118
-0.15240624266 -0.391974176698 -0.305045355924
-0.125631387328 -0.434717526689 -0.29090128961
-0.0859964142453 -0.466111374364 -0.27720675285
-0.0384569636255 -0.48427322704 -0.264792455175
0.0128351555183 -0.486981308604 -0.254538593718
0.0630114274013 -0.474057106774 -0.246855657049
0.112313814384 -0.469315400476 -0.229876096992
0.159253034955 -0.451477947034 -0.214979839708
0.200618804929 -0.421418812735 -0.203726085775
0.244145777754 -0.399585837265 -0.184418603152
0.288338818709 -0.390298322914 -0.157865061664
0.331717379778 -0.385504903504 -0.128934300321
0.372288044698 -0.391496449656 -0.0963365461037
0.413811164739 -0.392917409073 -0.0644664050989
0.456390533321 -0.38548043531 -0.034858820116
0.497584241405 -0.38391737556 -0.00256855770299
0.533772346994 -0.395935128337 0.0333079281282
0.56831851613 -0.410050203 0.0700709611913
0.605520293026 -0.416551527755 0.106359514791
0.634854575471 -0.437856922117 0.144184513531
0.663332500216 -0.459895576677 0.182228556899
0.687263665488 -0.487159928782 0.220007921526
0.703651385669 -0.521438142055 0.256035108476
0.726211087674 -0.540613944892 0.299221375587
0.753248131715 -0.542656549266 0.344026363204
0.782063046546 -0.526858266519 0.384814022004
0.808393444886 -0.495928161406 0.417853565529
0.833246103411 -0.454715789032 0.438492368252
0.856095012094 -0.409386872468 0.451894980887
0.876434853486 -0.361629346315 0.4588617035
0.891247029074 -0.311932820107 0.451596534456
0.901061709059 -0.263412723644 0.434539401419
0.91120527477 -0.213207633417 0.42299302881
0.92459309645 -0.162237206933 0.425857447886
0.937539964412 -0.111717927025 0.431259241934
0.93990127163 -0.0602894400175 0.421354484243
0.937197391154 -0.00895644137199 0.411336794244
0.926980148411 0.040095418661 0.39606963981
0.911549893211 0.0837871922451 0.371581468703
0.888076581129 0.115598053989 0.337168544343
0.86502388523 0.150846890735 0.306002456154
0.846011121124 0.196277037564 0.288152099183
0.832917622939 0.246898992366 0.284667699175
0.820261353134 0.29755124379 0.289695340944
0.797721050765 0.344687361342 0.285626331192
0.778060573559 0.392798520336 0.292569477189
0.757786415387 0.44049239274 0.300355309907
0.732621757854 0.486449849867 0.3010199158
0.703160788217 0.52827740655 0.28976542458
0.670700992215 0.563373300954 0.268375338424
0.634648249778 0.594767751239 0.246845157827
0.594640593062 0.6200194786 0.22424667867
0.551641167711 0.63859267926 0.200745101024
0.508574564153 0.641702191294 0.171080085882
