-0.64238083108 -0.637425418609 -0.0632978905696
-0.688471003836 -0.652072172775 -0.0837562194964
-0.735880347894 -0.668475943992 -0.102460603711
-0.784988683979 -0.681341505169 -0.118202192456
-0.835421082465 -0.69493104885 -0.111878994404
-0.880463440066 -0.706939081472 -0.0878055153912
-0.914260592694 -0.715695429165 -0.0487071326596
-0.930924283895 -0.719856665447 0.000802790367127
-0.928575099566 -0.718844305332 0.0531614093789
-0.908266481214 -0.71255380706 0.101089973955
-0.873221853219 -0.700968582997 0.138327975283
-0.827580368586 -0.690654667542 0.161970970603
-0.776309404322 -0.681872055504 0.168678335616
-0.725611675254 -0.676025949649 0.156426494445
-0.681791976776 -0.673781225234 0.127567426296
-0.64872024281 -0.67604188604 0.0867142022796
-0.60615678246 -0.67382065032 0.0541017879138
-0.554190206976 -0.664147085357 0.0502460394295
-0.504200964576 -0.651543532122 0.0607350796236
-0.454769016362 -0.637796242499 0.0721443267256
-0.403130164654 -0.625555189843 0.0764753308117
-0.343648225291 -0.616687201027 0.0727528794962
-0.288683734918 -0.603637990925 0.0636338494827
-0.242287483918 -0.584834954029 0.0854751801655
-0.196378683032 -0.561515559415 0.104625972914
-0.147288485731 -0.536439920682 0.103640071684
-0.10958937097 -0.525827304429 0.0666028685036
-0.0674147002142 -0.509884571232 0.0398756318442
-0.0218922428386 -0.487818563385 0.0262498229039
0.0224088379764 -0.46054525606 0.0336007942797
0.0670985899498 -0.43418334236 0.0410456525403
0.113432983805 -0.4116022627 0.0315677080856
0.156191085405 -0.39515286211 0.00607081167385
0.18953395212 -0.383855848827 -0.0329993131557
0.214944484777 -0.377675654893 -0.0784272179244
0.250383551381 -0.359413348181 -0.112400461189
0.289580577057 -0.330852536501 -0.132209218398
0.327580007897 -0.294898442198 -0.135181993083
0.360978273074 -0.255313779201 -0.127154859497
0.387722908707 -0.214659312471 -0.107833504652
0.408576847172 -0.173190216603 -0.0836106969035
0.430149122663 -0.126150735081 -0.075669074567
0.450243199265 -0.0787155561828 -0.0850055053584
0.467022475255 -0.0356521754182 -0.109604928102
0.482765238512 0.012036106447 -0.124495040359
0.496077838388 0.0626939107312 -0.122270954204
0.505963822915 0.110025157729 -0.102042668352
0.510122193557 0.149595002373 -0.0679412611065
0.507163243267 0.17739541081 -0.0236028634016
0.495897175261 0.190882113317 0.0258698195432
0.480538754241 0.208246983385 0.0729001463551
0.464924023005 0.233267832625 0.116188550688
0.45269254371 0.269982561202 0.151461052401
0.445327372117 0.316447017062 0.174438242327
0.444086174988 0.368090188306 0.183017031855
0.444913375489 0.420422207061 0.184975845749
0.437988171802 0.470010117339 0.200290009111
0.423858230115 0.511032773286 0.229605373131
0.405248415034 0.544510794211 0.265503436626
0.390814867452 0.588098956769 0.290806258586
0.377911239896 0.634756550843 0.311070215274
0.35958604683 0.674651784532 0.339881907357
0.341047261645 0.714994029295 0.368020130986
0.328814200109 0.764370417618 0.381503979386
0.327432983285 0.816556444354 0.375617014182
0.335231725085 0.86364840189 0.353709628671
0.34902328575 0.903888258423 0.322995156687
0.362833817132 0.930014941287 0.279706701297
0.375755440345 0.939821512902 0.229875129094
0.380911009229 0.959854207268 0.181530291845
0.381241659009 0.978689520478 0.132649777237
0.370610264555 1.00174763923 0.0865114544336
0.353040869581 1.03307419341 0.0483875009493
0.335594392187 1.04914159927 0.00170181582499
0.320178428017 1.04792413453 -0.0483244101737
0.308584401706 1.03015483949 -0.0961971959107
0.298261995706 1.00259818024 -0.139799350743
0.276106837089 0.986733653656 -0.185080320575
0.258072822617 0.963129440102 -0.228487420507
0.247718182438 0.923864155822 -0.261794470224
0.24611557647 0.87480785212 -0.280369244484
0.252860469077 0.822815366436 -0.281880599197
0.265933775854 0.774280802533 -0.266938378792
0.282224012112 0.733364493003 -0.238122770981
0.283720006707 0.684104849515 -0.220195364371
0.274546431926 0.634531207986 -0.205121616753
0.257120020007 0.584892785213 -0.206733932947
0.236248573706 0.537295390139 -0.2149767068
0.218525769933 0.488027752015 -0.217389006696
0.204248611415 0.437691258671 -0.215421684866
0.189797957127 0.387479881547 -0.211832327272
0.169204558062 0.340090290868 -0.220599886397
0.148015415877 0.292983503772 -0.229209637884
0.133296225046 0.243160738745 -0.222599368815
0.125901900086 0.19508107631 -0.203056825173
0.115848640954 0.146206116281 -0.187116229153
0.105743345722 0.0973692986635 -0.171031581563
0.0990114151847 0.0506250631193 -0.148136184198
0.0820285043709 0.00374973560501 -0.131951746129
0.0555800923512 -0.0409189885906 -0.124963186033
0.0228694509758 -0.0811141601461 -0.132637855328
-0.00797005573965 -0.123516262294 -0.135164755632
-0.0380612455992 -0.166312625401 -0.138986246841
-0.0607339948308 -0.212627644083 -0.129273739493
-0.0798917880516 -0.255238406289 -0.105440205806
-0.0929034398274 -0.289718472222 -0.0680333042237
-0.121589504603 -0.324101558903 -0.0402052747924
-0.154758733746 -0.353579050215 -0.0112588803725
-0.185106806991 -0.380511793371 0.0221071646216
-0.218029162663 -0.407831945479 0.0524550442847
-0.257545346989 -0.438941393783 0.0693701600282
-0.295167378103 -0.46901907582 0.0900826050032
-0.332384275835 -0.499686800169 0.111225510972
-0.37154316057 -0.530395588105 0.128324686612
-0.415126015269 -0.559474281083 0.126508672133
-0.457944624779 -0.583416663264 0.10795297209
-0.494516930412 -0.601210195475 0.0747179656083
-0.519041594442 -0.608181668194 0.0284096062685
-0.55881939098 -0.61593423109 -0.00579279391932
-0.597395072505 -0.620327856974 -0.0422736315343
