-0.22456656138 -0.803731935771 -0.165870907561
-0.193424989665 -0.827624383026 -0.131206278405
-0.162700509799 -0.845806616904 -0.0928687514525
-0.120255540249 -0.863932561099 -0.0680819350617
-0.0743724127837 -0.878240403379 -0.0473160632907
-0.023850384472 -0.890372573664 -0.0406289633947
0.0273119191447 -0.899087668938 -0.0477608324722
0.0738186506916 -0.903662067841 -0.0714279565897
0.111626846277 -0.903527238079 -0.107667044535
0.136397469979 -0.899069007661 -0.153582937886
0.148819191151 -0.894474184702 -0.204264183861
0.14666548583 -0.890018498216 -0.256390322421
0.131143459746 -0.885800477324 -0.306246581634
0.132091240982 -0.880007714567 -0.358306066038
0.150041033993 -0.873303978041 -0.407059065002
0.183169668098 -0.865345578008 -0.446843669998
0.228610015904 -0.854655777028 -0.470570061663
0.278867783302 -0.842015276698 -0.478075114219
0.328502166841 -0.828804576752 -0.467884557285
0.371872957757 -0.816402724366 -0.441133976313
0.416917978329 -0.796930954359 -0.421396953836
0.459583225879 -0.773496424513 -0.401970319988
0.495174586427 -0.750609390987 -0.371125061902
0.523648784905 -0.727909828116 -0.333497498422
0.544939198946 -0.705303916475 -0.291345630829
0.560129610009 -0.680352013982 -0.247887773354
0.569706305742 -0.654468264118 -0.203379238331
0.579333790542 -0.620538074206 -0.164589410674
0.585866147345 -0.583224492105 -0.128247763888
0.595366645328 -0.538952900525 -0.10172650596
0.60456148506 -0.491912115263 -0.0800491654148
0.606831976634 -0.448100027952 -0.051421024916
0.60963649104 -0.404232945572 -0.022869385115
0.617121503422 -0.358337057481 0.00135155128914
0.633941150043 -0.309529185222 0.0112250494982
0.648547223604 -0.260771442847 0.0238117946187
0.667858102649 -0.212211133818 0.0285607189581
0.679502415733 -0.163582651383 0.0444491528146
0.696037630406 -0.114749147699 0.0542689177046
0.710444608937 -0.0646689634269 0.0596683862824
0.711443019183 -0.0141395710148 0.0737117505416
0.706296493896 0.0333607326788 0.0957058555348
0.706232236369 0.083519877374 0.110869008568
0.706290833428 0.133303558815 0.12729959068
0.701245032352 0.180365412554 0.150220064172
0.697393948253 0.22848793831 0.170619526125
0.685059868443 0.272406480941 0.196402398888
0.67021648354 0.31440189234 0.223941622818
0.650076897599 0.349467699124 0.25732357986
0.624197670321 0.375331499147 0.294899746882
0.602714394886 0.41089137318 0.326822872473
0.588574700451 0.456301337233 0.348812899483
0.575240735995 0.503797860095 0.366947745493
0.562708329291 0.55261467719 0.381200856437
0.549592405495 0.602672869313 0.389359075431
0.532530539734 0.651847977757 0.395037547279
0.516916286442 0.701796407481 0.392178263213
0.48958900103 0.746334566709 0.396823907559
0.451817865215 0.781866896359 0.408703220058
0.420965531669 0.824469504357 0.405257111326
0.381517586695 0.85880107076 0.407849204827
0.337145537094 0.886348702234 0.412462115887
0.289049494459 0.905916506074 0.41929680352
0.23881175115 0.910112471589 0.433450546701
0.19151109229 0.898427741757 0.452764294559
0.140194044745 0.89378138938 0.46266772813
0.0879991860604 0.897823215513 0.461851035669
0.0367828348972 0.905048373211 0.453696454258
-0.0112809902898 0.91711553474 0.436779796208
-0.0498003078375 0.939808715109 0.40944316834
-0.0732161927332 0.968110831789 0.372128043388
-0.0924672948002 0.994724561616 0.331320623882
-0.123376106608 1.01035410325 0.292052413492
-0.164154114028 1.01217940812 0.259146706991
-0.209124948881 1.00098239764 0.23469942019
-0.254066605025 0.978583593894 0.219826043747
-0.295785145437 0.956266116506 0.197155085216
-0.334936245452 0.929116497735 0.175408521879
-0.366651388198 0.909753226037 0.138510814905
-0.397537609777 0.882289096933 0.106354075783
-0.428372166281 0.844040019565 0.0882473265586
-0.457458264489 0.800513801333 0.086851799273
-0.486396179407 0.757450423186 0.0795913303584
-0.514821880736 0.719986645591 0.0565249982565
-0.541770787398 0.685263688209 0.0278638563447
-0.56949719661 0.643001226958 0.013978872902
-0.595401520824 0.597483878898 0.0170654366908
-0.622119563585 0.553916456639 0.00510558628139
-0.649261894193 0.510671290234 -0.00676105360349
-0.675485030002 0.470384237493 -0.027618570523
-0.700929970758 0.427122892648 -0.0428304062448
-0.725700513143 0.383456205044 -0.0577812549223
-0.748690715883 0.34191661419 -0.07998262139
-0.768329121123 0.298887976509 -0.102479248961
-0.785880732259 0.254123876275 -0.123597321739
-0.797033007211 0.207106728144 -0.1439921412
-0.8079384131 0.156078096843 -0.148810043791
-0.814444420474 0.106230501904 -0.163722455544
-0.821232244255 0.0541249992261 -0.161401695584
-0.823532485477 0.00206565201548 -0.166600701505
-0.820642169046 -0.0493914324648 -0.157177028061
-0.812643912026 -0.0995460742888 -0.144159637524
-0.800545291002 -0.147123117447 -0.125842958744
-0.784407636551 -0.196935866577 -0.124294737317
-0.765777729033 -0.243122381873 -0.140511135343
-0.74649710934 -0.280374319046 -0.171897169033
-0.722699204813 -0.315575829262 -0.202511760848
-0.692121972763 -0.350460915846 -0.226794135079
-0.655839054361 -0.386477511979 -0.238282882152
-0.614491635774 -0.414781476272 -0.25413553275
-0.576248555934 -0.450606497678 -0.254471218486
-0.53854372613 -0.486993612937 -0.25428228089
-0.506169607017 -0.525577204692 -0.239911090345
-0.472959453633 -0.563651352719 -0.225528743589
-0.441572526429 -0.60098725515 -0.206000417496
-0.406187270204 -0.638468462257 -0.196549477272
-0.368584542345 -0.674894847108 -0.195539233686
-0.329790233804 -0.708055032494 -0.207716741696
-0.290404460656 -0.742113596982 -0.21348501766
-0.254211006179 -0.777566795546 -0.200204603535
