0.176540080578 0.78217119287 0.445085324994
0.126101299446 0.783962517256 0.459042059109
0.0738026312172 0.785233896898 0.456682157361
0.0249497698081 0.786115501495 0.437842691952
-0.0152973416258 0.782468732685 0.404543346646
-0.0465930649796 0.774067634328 0.36340933546
-0.0705508581069 0.761216838744 0.318612762615
-0.0802973914199 0.74459743082 0.269924356669
-0.0992030518259 0.721858192235 0.22671661941
-0.13084403329 0.695153003882 0.194658284765
-0.168374585466 0.665774134294 0.172867667493
-0.210322489281 0.635283213695 0.165280200272
-0.257000231895 0.612807487732 0.173142879694
-0.300416918692 0.583827033706 0.168963309455
-0.336718282551 0.550933295587 0.150372173084
-0.371808507084 0.515338603659 0.134747072754
-0.401845526045 0.476281216673 0.117044244294
-0.424039982383 0.435873356383 0.0919011224421
-0.453391573919 0.395478839311 0.0758177744653
-0.491403877143 0.359444752206 0.0729115004217
-0.533488430845 0.329354880282 0.0817236681483
-0.577012051913 0.307111811522 0.101184016196
-0.619002781524 0.292035345329 0.128723118361
-0.660636826624 0.265639716221 0.14639236841
-0.697367101646 0.230099171806 0.157865684027
-0.73066582885 0.189882809809 0.163906150643
-0.760193689025 0.146639631376 0.163388976511
-0.78606034698 0.101581383954 0.156422509618
-0.803621656166 0.0558794833896 0.137483381674
-0.814971480127 0.0131837348366 0.109043760246
-0.813949701668 -0.0228056808753 0.0709005266446
-0.809635240043 -0.0636784301499 0.0381761423359
-0.813810096474 -0.112097721832 0.0184569922088
-0.825892731039 -0.162950511162 0.0139760916019
-0.842978153791 -0.211614279739 0.023601174387
-0.856309302775 -0.260533955318 0.0369279510009
-0.872065573908 -0.303846683004 0.0618248714616
-0.890016317944 -0.337639749765 0.0975662190645
-0.89805807303 -0.380116701314 0.127343009279
-0.897084931472 -0.426815443548 0.151052465438
-0.890130380432 -0.473923150292 0.172908676161
-0.879047098751 -0.519717652522 0.195760544521
-0.862507280296 -0.564947643957 0.21634787871
-0.835734422697 -0.609457584123 0.223096872923
-0.801753780458 -0.64853778517 0.215274140745
-0.763724850324 -0.677459692121 0.193825147892
-0.725538794837 -0.692372833564 0.161233532299
-0.690517290921 -0.69291383179 0.12227880976
-0.655844217332 -0.685685384484 0.0836847181431
-0.618035596335 -0.678477587502 0.0480695629939
-0.577413323362 -0.673996377296 0.0152568575658
-0.531035312799 -0.679994083113 -0.00836269857376
-0.482866977895 -0.696391455195 -0.0207802307882
-0.434934648214 -0.716476277832 -0.0277371640593
-0.392025006061 -0.745427437036 -0.0189124769395
-0.347571127239 -0.771256517994 -0.00839124238449
-0.296706902083 -0.78391407112 -0.00926631526312
-0.246642071765 -0.784643391137 -0.024890724766
-0.202975906974 -0.775598648231 -0.0524408140734
-0.152367947505 -0.78139447662 -0.0651596306441
-0.101033535336 -0.7926163646 -0.0665629692214
-0.0483763688814 -0.794147355147 -0.0681292682861
0.00304064461447 -0.798698074262 -0.0591641031304
0.0553181218449 -0.796658443654 -0.0571544678466
0.105065595236 -0.784202863477 -0.0677107280597
0.147232142359 -0.762726762581 -0.0901259713204
0.180221608898 -0.735799832473 -0.120652400838
0.223456918131 -0.715125754414 -0.141773012116
0.260886317826 -0.690018345046 -0.168450609692
0.28675695419 -0.661165809422 -0.203697479706
0.303565422111 -0.630620675034 -0.242788690697
0.333053639775 -0.60129241612 -0.274597393394
0.365842757589 -0.572108795629 -0.30315158408
0.393474615886 -0.537618913344 -0.331238062439
0.40627684415 -0.496922736577 -0.361593707367
0.406014777605 -0.454078513766 -0.391685844695
0.408725892025 -0.408438132143 -0.417291483782
0.425620609525 -0.361845130094 -0.434306531288
0.456455178528 -0.320354813337 -0.442782875194
0.49800363713 -0.288486003084 -0.443471751812
0.544983657863 -0.265830153308 -0.438335616065
0.593828486767 -0.249218016694 -0.42923635306
0.64118879517 -0.2306325204 -0.416842088233
0.686994324887 -0.211393316478 -0.400282307304
0.733604484887 -0.198934019182 -0.379277415953
0.775331904807 -0.176312939084 -0.357034002024
0.814420365371 -0.153627605857 -0.330484529736
0.848836097022 -0.126089209128 -0.302198415785
0.873720481454 -0.0857208406162 -0.279993403031
0.887473366936 -0.0377484642082 -0.264146822438
0.89231988192 0.013050427175 -0.252279556721
0.88723960707 0.0647367148011 -0.245525935641
0.880605129707 0.115278778014 -0.233459134734
0.87837491664 0.161560522275 -0.209077388844
0.880062640886 0.201796182946 -0.175555141477
0.885347348133 0.237984914638 -0.138086452973
0.888031352602 0.275618966748 -0.101730792324
0.880986206319 0.319634240339 -0.0742390008185
0.864834511703 0.365829633268 -0.0555562279385
0.836263416567 0.409145833285 -0.0485438656031
0.799019875901 0.445485413737 -0.0543838088036
0.757051734298 0.472492935326 -0.0702234649078
0.712601417695 0.498329536612 -0.0806880236992
0.668399592688 0.526359169964 -0.0784985302992
0.621868965388 0.550184975608 -0.0755324596656
0.572368871988 0.566787347487 -0.0795382322107
0.523216482982 0.584863983859 -0.0790317234288
0.474720303227 0.604355861926 -0.0742978464904
0.429807583201 0.62712629485 -0.0598312085771
0.393940573127 0.653420695066 -0.0321396830462
0.370738338394 0.680775472618 0.0060402203762
0.361406954283 0.703073803609 0.0525549533868
0.362162692023 0.717191633212 0.103038980668
0.348479451845 0.727408782486 0.15285166897
0.324569917034 0.738971840703 0.198066590224
0.2949532728 0.750421269844 0.239705226826
0.283276324091 0.760517387732 0.290142470699
0.278379975739 0.768997609339 0.341619255188
0.259104365017 0.774777879041 0.389966278597
0.226791745144 0.777644907472 0.431073317025
