-0.751863469181 -0.550471042958 -0.0281801178247
-0.758139299215 -0.530646036065 -0.0762408269417
-0.754839850936 -0.510634703719 -0.124530457962
-0.765877399783 -0.483669991262 -0.168078005836
-0.770239365017 -0.455998285296 -0.21244336893
-0.758718568054 -0.431763117469 -0.257522772855
-0.753254916744 -0.400296075502 -0.299091681304
-0.759752593713 -0.359160053879 -0.331065970919
-0.780434979478 -0.313879630137 -0.348003051872
-0.811282676968 -0.271383918599 -0.34804146855
-0.827987698159 -0.221839200203 -0.3530821079
-0.832368724527 -0.170282534646 -0.361359615001
-0.828560676554 -0.118175098076 -0.365012180379
-0.835063358367 -0.0670216740298 -0.354424534199
-0.82991948271 -0.0154561576465 -0.346632559081
-0.80960049423 0.0328410987123 -0.346388716645
-0.775266943735 0.0715521854332 -0.354573250565
-0.731584048266 0.0965448300375 -0.369161978367
-0.686953690354 0.123401725152 -0.375133399459
-0.643630551707 0.152890812935 -0.373538148874
-0.603884238512 0.185338114032 -0.361881905287
-0.565604556291 0.218995060386 -0.349298622701
-0.540129344616 0.259405157171 -0.327640779701
-0.508860668332 0.29677102774 -0.308419578863
-0.479808012923 0.334899094541 -0.287268668319
-0.443290862558 0.368393098261 -0.270284191378
-0.40261329167 0.398445562919 -0.256583487591
-0.358244605913 0.424369263396 -0.246404960253
-0.312265515194 0.447925532236 -0.237846076889
-0.261486605624 0.460765945604 -0.238707353829
-0.21025755223 0.473107253403 -0.238940482255
-0.158832582598 0.48327559322 -0.240213571708
-0.107929437186 0.495572287753 -0.239071629899
-0.0608218930298 0.516389816898 -0.228725914434
-0.0130866766108 0.535627002084 -0.219064149037
0.0258687023793 0.564629351481 -0.199474834434
0.0590823425782 0.598086953998 -0.176606725374
0.0809698618623 0.636016139607 -0.147750737286
0.0926340312185 0.676151384346 -0.115791553676
0.093443919993 0.709710782687 -0.0746954316117
0.107569238106 0.741146972128 -0.0351413446419
0.130156220728 0.771799337776 0.00103007993142
0.156949383657 0.800614931281 0.0355819418967
0.193673153659 0.824723765194 0.0640996912886
0.237042113859 0.843710462425 0.0864914323097
0.284083533314 0.858540413788 0.104114334975
0.325273540724 0.878399744798 0.129641573198
0.374476779978 0.889579427866 0.143755149543
0.426721914725 0.893409681518 0.142995427371
0.477308863573 0.889756720131 0.129958619622
0.522134009961 0.877424652124 0.105870192225
0.561567720709 0.859878956793 0.0762161542759
0.587500689958 0.835848281981 0.0375803549727
0.623396988444 0.814978730163 0.00551198682218
0.660144078621 0.789260595598 -0.0217008874846
0.684268328986 0.75462311568 -0.0527287877322
0.705324934252 0.715156275457 -0.0799513245601
0.739714000962 0.678548877558 -0.094769388372
0.78430808856 0.65042654495 -0.0941721474983
0.813271513742 0.607401143333 -0.102300420687
0.822287826598 0.557979647006 -0.117323505555
0.81199064497 0.509087218725 -0.133555752748
0.79738119779 0.460023462607 -0.144835637438
0.780868604065 0.410810407481 -0.152065219736
0.769885045411 0.35957403481 -0.150438114951
0.77313391071 0.309050360311 -0.136758736885
0.788844597621 0.262964062578 -0.11744416907
0.785568901077 0.213237561421 -0.101246587711
0.768632772741 0.165138053644 -0.0890472759232
0.765614481443 0.117190944486 -0.0681062378398
0.747112702603 0.0704729520838 -0.0532534479187
0.714826444898 0.0297149082681 -0.0468631839423
0.673222892542 -0.00187504402125 -0.0509510793398
0.626126679557 -0.0201331137432 -0.0648579938985
0.580457093944 -0.044072949762 -0.0739928453233
0.536540041155 -0.072121702907 -0.0791378036308
0.498933663399 -0.108045648702 -0.072836325056
0.468705592536 -0.148272240795 -0.0582569109088
0.428493020178 -0.180613587126 -0.0489172003803
0.393446602423 -0.217002106881 -0.0347436952103
0.360415013294 -0.254423268185 -0.0188869381604
0.332563880215 -0.294206375342 0.000837044145254
0.315992282663 -0.336856815126 0.0263596326642
0.313448584564 -0.379871090393 0.056398487409
0.318086332072 -0.41947561223 0.0905981252098
0.312128586121 -0.456528551297 0.12717187834
0.289542714327 -0.488568454443 0.162070865301
0.253839236098 -0.516579133924 0.188550836098
0.231518289823 -0.545450724532 0.226200376088
0.224813716962 -0.571314341021 0.271284654021
0.228225356712 -0.592487009586 0.319066600721
0.245252416331 -0.607310927354 0.366319633391
0.258287755973 -0.618526060515 0.415789137968
0.25778326685 -0.627407566738 0.46739380245
0.240636531585 -0.633242614142 0.51652569631
0.208571682547 -0.635207194866 0.557883345025
0.164332228066 -0.633565941176 0.585869298789
0.113466932838 -0.633625778911 0.598301780392
0.0616337070703 -0.635064988957 0.59084346838
0.0107395122068 -0.6363381179 0.578455202403
-0.0414954482755 -0.635546897654 0.582774866918
-0.0938614529254 -0.634951004728 0.581786311704
-0.143965260148 -0.635070955401 0.566429030353
-0.188584394236 -0.635358375974 0.538778747619
-0.222474970514 -0.636693506211 0.49878023361
-0.242201698215 -0.639486391706 0.450218807069
-0.257274242087 -0.642735205877 0.40013402644
-0.275629938026 -0.64745437267 0.351162152354
-0.291510517572 -0.655165495461 0.301640528425
-0.312129046893 -0.664226146388 0.254211306682
-0.342600625067 -0.67152378948 0.212208757163
-0.384343761388 -0.67432556839 0.180543229505
-0.433807885384 -0.675525746285 0.162213747943
-0.48061120009 -0.668889511506 0.139264420724
-0.519443970113 -0.655088340382 0.106723233948
-0.566406347778 -0.638930479866 0.0897554798114
-0.614315202776 -0.621895535458 0.0770980542142
-0.663560895325 -0.604266943128 0.0741258614264
-0.709243929047 -0.587609657931 0.054247245667
-0.744319279677 -0.567968913438 0.0205949854796
