0.170820946053 -0.695400808835 -0.807518749185
0.169422764663 -0.714189232637 -0.758617129545
0.154894485388 -0.722686624545 -0.708986805665
0.130602157975 -0.716515615356 -0.662988556768
0.0998302053525 -0.695644977423 -0.625884183292
0.0714558987431 -0.669456796443 -0.590487905386
0.0541527304302 -0.650459859541 -0.544851548477
0.0445831390559 -0.638825795748 -0.494707669547
0.0354129332598 -0.626423822435 -0.444663497425
0.0377828977701 -0.626764372387 -0.392335795339
0.0501256363612 -0.637473430038 -0.342574513228
0.0611655149553 -0.645108091195 -0.291842062355
0.0762856567668 -0.656740921854 -0.243060536103
0.0843972152281 -0.659086366987 -0.191331209438
0.0833239514013 -0.649467822883 -0.139771025993
0.0850688321015 -0.641539376252 -0.0872700367094
0.0756923548691 -0.615365860371 -0.0425844118022
0.0784321739839 -0.600085995101 0.00769995611508
0.0933166982035 -0.600739217713 0.0580671749394
0.102127883199 -0.590303811194 0.108620567174
0.102952494692 -0.565783467432 0.154914986813
0.111986370771 -0.549191506434 0.203776087246
0.119344033645 -0.529259120809 0.251696302398
0.115539798215 -0.497426046766 0.293490899861
0.103303664781 -0.458485974863 0.326498006802
0.0808916493106 -0.414887335351 0.345019861223
0.0633504788133 -0.372510058605 0.370331354941
0.0535054220819 -0.336286804033 0.406839470154
0.052682057773 -0.308656384341 0.451313699754
0.0613099969424 -0.293087400399 0.500561139865
0.0647102626583 -0.272648041146 0.548963204118
0.073336881417 -0.259306210092 0.598975317507
0.0721176180968 -0.234148362894 0.644999403248
0.0695686399271 -0.204418413765 0.688112235526
0.0779999974176 -0.185408521388 0.736241575657
0.0973656279884 -0.179930170329 0.784661168061
0.123651423891 -0.187960218495 0.829252799677
0.141582727687 -0.180791624703 0.87795888733
0.149034354066 -0.160659553689 0.925765297261
0.14561769397 -0.128028691219 0.966601985043
0.135739399378 -0.0848912966546 0.994636106777
0.118372343155 -0.0362311971986 1.00405102756
0.108780041186 0.0138209775335 1.01807501965
0.110990951101 0.0618823578425 1.0389866078
0.121370609767 0.107500177763 1.06300179438
0.141857979791 0.145990013992 1.09204839229
0.15732865096 0.193586129962 1.10743959982
0.165979933792 0.245229453978 1.10732370173
0.167026661438 0.295213590382 1.09174331299
0.160578347115 0.337937915252 1.06215527475
0.148581118026 0.370647687121 1.02303730788
0.138130779677 0.399007716082 0.980223806826
0.118097307227 0.410281566168 0.932964452222
0.11075304982 0.434540475313 0.887112913352
0.0992991200636 0.453995707016 0.839849919983
0.0843232646427 0.468510748986 0.791791372872
0.0634136715805 0.47118706527 0.743807837507
0.0458142392748 0.478230341138 0.694976662394
0.0237627475998 0.474628323986 0.647600753578
0.00346774953553 0.472606101228 0.599376225909
-0.0170201559525 0.468280056017 0.551291202366
-0.0305574479738 0.475947313152 0.501282794329
-0.0391883588053 0.490329200827 0.45161308469
-0.0438909486926 0.509358677472 0.403060809248
-0.0468092402918 0.529408149786 0.354629724725
-0.0600030827213 0.533769710695 0.303046317422
-0.0633340025993 0.55308522592 0.254396432214
-0.0566141544943 0.584708844545 0.213181564288
-0.0412365135288 0.625573970259 0.184245617406
-0.0169570373305 0.669706849689 0.16979647549
0.00677071161383 0.712663512422 0.151462627856
0.0298630130026 0.754066544988 0.129128994311
0.0525556877128 0.794229173083 0.104013947435
0.0669866918087 0.826086362549 0.0649858874493
0.0767871065334 0.852653694672 0.0209264841847
0.0771934444423 0.866659153842 -0.0295332584784
0.0679008700082 0.866423541876 -0.0810734606548
0.0487844467778 0.850539522653 -0.127184384986
0.0232193781679 0.822592798735 -0.163370334676
-0.00859455040774 0.78584978606 -0.183037077505
-0.0425046834056 0.745793615596 -0.185308718271
-0.0753745727062 0.706916563783 -0.197867411701
-0.110844092334 0.669307581925 -0.208246416181
-0.140281396248 0.626990821012 -0.217569757695
-0.168047098786 0.583483537269 -0.227108308395
-0.193411708991 0.543101856414 -0.248915183023
-0.215152575126 0.508272756023 -0.281431776867
-0.230885362493 0.482854055311 -0.324460364081
-0.246378296463 0.448546278881 -0.360916192971
-0.259311524653 0.407502632049 -0.391239454208
-0.269108701548 0.36171117229 -0.414689697817
-0.274948878872 0.316741099423 -0.441055434768
-0.281255937657 0.269054603113 -0.461860884561
-0.283002960433 0.228242887421 -0.494704872278
-0.284079945043 0.187136452957 -0.52714737921
-0.284436430692 0.145575219677 -0.55907574304
-0.28235838843 0.107340043722 -0.594865091706
-0.281312524645 0.0638993005559 -0.624212422113
-0.279664420582 0.0205637127156 -0.653586093075
-0.277601977473 -0.0299200590439 -0.667383388885
-0.275812961896 -0.0821387512923 -0.663559289224
-0.267341965022 -0.133766302016 -0.665920692455
-0.250513656079 -0.179719058762 -0.684554362586
-0.229813972531 -0.214722202037 -0.717544175454
-0.208744753916 -0.236424406589 -0.760290787485
-0.189836100052 -0.24007349505 -0.80902791293
-0.169333879021 -0.244507733142 -0.857093132737
-0.145334282297 -0.265660228506 -0.898610407339
-0.120547218808 -0.281093097737 -0.942089705838
-0.0939469413866 -0.301702955727 -0.982236523771
-0.0636649808049 -0.333811879876 -1.0104349409
-0.033492007983 -0.373922500648 -1.02546493228
-0.00319384686487 -0.416178795139 -1.03280239696
0.0231521556003 -0.460589896616 -1.02340197383
0.0414840296598 -0.50198553777 -0.996780386114
0.0616186604268 -0.540211881744 -0.967179408939
0.0824939167886 -0.574755551891 -0.933633151243
0.11307962257 -0.609006338937 -0.908153148326
0.147705333931 -0.642776530822 -0.888032963962
0.173735231961 -0.6745202255 -0.85549639862
