-0.798516284771 -0.770342966601 -0.0363787562535
-0.825802427203 -0.728831480002 -0.0196759261694
-0.8501101499 -0.683547383761 -0.00878638800962
-0.86138934529 -0.632404026625 -0.00908138149899
-0.858393967047 -0.581173334096 -0.0195677100358
-0.850960565498 -0.53033172897 -0.0297605133867
-0.831260094256 -0.485787925322 -0.0490385651572
-0.808069506055 -0.441478072888 -0.0653511647318
-0.785330777273 -0.39582551975 -0.0779912006647
-0.765052464447 -0.34878886471 -0.0888972572998
-0.744335556618 -0.30168422402 -0.0987742680875
-0.718674358174 -0.257357134435 -0.109882456976
-0.69565183021 -0.210635549555 -0.115305577893
-0.67005823936 -0.164978345703 -0.117816250594
-0.638545712612 -0.123901803407 -0.127538236562
-0.602580922445 -0.0878818052841 -0.140459742849
-0.565937822901 -0.0512466220896 -0.148028577194
-0.535113848228 -0.00887724641747 -0.142077860646
-0.5057947702 0.0331608734179 -0.130891073137
-0.475321296459 0.0744836013852 -0.120314771263
-0.441943026482 0.113879978315 -0.111572874897
-0.407295879591 0.152414030849 -0.104051292608
-0.36791918855 0.186827762947 -0.101058171667
-0.327381440871 0.219160018942 -0.0936662792392
-0.288839251357 0.25115408793 -0.0781004129294
-0.25300576382 0.282813995413 -0.0566657566273
-0.21911843017 0.314884781347 -0.0328137676481
-0.184984296868 0.345513042867 -0.00754295847836
-0.150074324016 0.375094210527 0.0179997688165
-0.125576839199 0.407795219086 0.0511020098516
-0.0929871857129 0.437615150314 0.0792883175891
-0.0527714103432 0.462924306826 0.101476829874
-0.00784662391868 0.48358348941 0.119028272846
0.0350123431508 0.505449898316 0.139708362263
0.070324118036 0.531288856725 0.168625972677
0.098275602618 0.558127230909 0.20419850771
0.112228638244 0.583455313241 0.247894718801
0.129965031031 0.60407967823 0.292689034811
0.157110023624 0.618780241036 0.335158843268
0.184466133283 0.628958064201 0.378668243156
0.198706316004 0.636643682592 0.428481448464
0.227678376024 0.640411626309 0.471937034115
0.265649968714 0.63917829063 0.50797377403
0.299417549419 0.637560260162 0.547993299092
0.319937760501 0.637857203314 0.59619204976
0.324560976953 0.640824330054 0.648279896716
0.325063914246 0.641258355095 0.700637720298
0.341127836263 0.634040274957 0.749943466826
0.370842136318 0.62003699595 0.790721468409
0.408316940379 0.602155021215 0.822695448453
0.444057154389 0.57869281318 0.853032927711
0.485457688783 0.550331323606 0.868251897819
0.52914222162 0.521402654993 0.866815781527
0.573816530703 0.499611542115 0.850289004125
0.61438782372 0.486124206908 0.82005299425
0.646852272416 0.48202407414 0.779156851082
0.667461030682 0.487103176633 0.731275052059
0.675500285835 0.500531307876 0.681292532317
0.688497257228 0.509400739342 0.631254215588
0.701867395342 0.517060933079 0.58120053424
0.706394679655 0.530143617711 0.530591762293
0.694016761719 0.548013944877 0.48278754881
0.691458071379 0.553507097262 0.430759178967
0.69968166375 0.543915203778 0.379935603906
0.717645482981 0.521264550141 0.336274110726
0.729358573335 0.49727834267 0.291197341599
0.725289395176 0.479246900979 0.242174042294
0.705171305361 0.468589300774 0.194983357524
0.675636217116 0.460708628088 0.152466924135
0.641427400933 0.450888661709 0.114067223011
0.603145294911 0.439096045278 0.080244880228
0.573241611889 0.41282172126 0.0461925831895
0.556379722072 0.375929459933 0.01302636542
0.550161242779 0.334742464188 -0.0187090632906
0.528207226061 0.299974596811 -0.0511258808683
0.519061002181 0.258833726236 -0.0823565598686
0.525299813464 0.214230889888 -0.109241214724
0.527683343259 0.169621351112 -0.136609921284
0.514405257836 0.128752591547 -0.166542880889
0.486654995856 0.0955844730628 -0.196078084735
0.449865694082 0.0699805039804 -0.223165670883
0.425077106298 0.0335474781879 -0.251478227258
0.387437617202 0.0076379874543 -0.277102273902
0.339640855969 -0.00226111840459 -0.296097604091
0.300184781767 -0.0269930030217 -0.320031419293
0.269540616615 -0.0609586437215 -0.345510378587
0.239474390603 -0.0955578923147 -0.370823517397
0.203669662688 -0.12493941016 -0.395398209995
0.176627998321 -0.162076941869 -0.42051926303
0.165245332438 -0.207101455418 -0.444704996355
0.142278890277 -0.247845342294 -0.468296878374
0.136785591958 -0.295216991445 -0.49003856121
0.144667716897 -0.343537044133 -0.508647377948
0.14933946507 -0.392192534114 -0.527489884615
0.139298431262 -0.439421557917 -0.547839278973
0.115063410023 -0.480764341784 -0.568942569421
0.0882355605307 -0.521953878 -0.587009633308
0.0578254571357 -0.562369363969 -0.600667837627
0.0204198629359 -0.598048083718 -0.609487661345
-0.0256581395678 -0.622883129545 -0.612307750012
-0.0768861195324 -0.632934767367 -0.607728675162
-0.123694365809 -0.655141925457 -0.600001247182
-0.165516120997 -0.684253428396 -0.587730860894
-0.207033834898 -0.709960300917 -0.568595569508
-0.251682683262 -0.727170467764 -0.547341971908
-0.29918362133 -0.727714014877 -0.525267444386
-0.343759082959 -0.739457839291 -0.500281123564
-0.380860512181 -0.766712581909 -0.475298667906
-0.405109031853 -0.805506235788 -0.449796652369
-0.430602746983 -0.838266378976 -0.417834424735
-0.4618579538 -0.856089513356 -0.379750689653
-0.498252545775 -0.858138436989 -0.342121933016
-0.536486316942 -0.844540563972 -0.308981390151
-0.572300432126 -0.816089167263 -0.283490728687
-0.60907743562 -0.799914435717 -0.249917669298
-0.643642154228 -0.79929118009 -0.210594413916
-0.6735335125 -0.811968179604 -0.169464638345
-0.701457516783 -0.827509743081 -0.127948335501
-0.734303568717 -0.827067545314 -0.0871241568905
-0.769179533596 -0.811080709713 -0.0514348157876
