-0.689567647087 0.553743251768 0.484628484735
-0.728068213324 0.521583835158 0.469566074852
-0.763432621485 0.483074221146 0.463470402676
-0.794302291973 0.440721159517 0.463788662672
-0.817308783706 0.396132148965 0.4789518798
-0.829336819071 0.353728277539 0.507283798086
-0.832296354699 0.318550082991 0.546007165944
-0.839050279303 0.277584815801 0.577933928603
-0.849353013723 0.231452819201 0.600519988229
-0.85903319182 0.185117442567 0.622947342776
-0.870623381832 0.136834485157 0.63975656816
-0.883902203753 0.0864533231696 0.645618607751
-0.898532901143 0.0372380121947 0.635133971844
-0.91222127982 -0.00809058141416 0.612675429342
-0.920702939533 -0.0587142022281 0.592862254625
-0.929234628525 -0.0817413092854 0.544465309006
-0.931904777126 -0.115048225381 0.504030624689
-0.930744182479 -0.143968547517 0.460264311317
-0.92494317539 -0.176641896435 0.419607062956
-0.91583648694 -0.204233990545 0.375930355368
-0.907489417036 -0.226035159295 0.328980678679
-0.895035331065 -0.239642380544 0.279857200185
-0.879020828996 -0.260628351309 0.234577744741
-0.860634567662 -0.295063817583 0.199264068578
-0.84179071854 -0.333724475749 0.169062103184
-0.82043394341 -0.371681593732 0.13963940119
-0.801212283725 -0.411205091525 0.109823754466
-0.781119486621 -0.44146732733 0.070788055095
-0.749658582147 -0.439430604809 0.0267425431631
-0.71964235884 -0.44228900116 -0.0163399582909
-0.688602631371 -0.44763728546 -0.0583593242787
-0.657694343912 -0.451967769755 -0.10061651093
-0.624769386811 -0.46090335491 -0.140398448779
-0.591078740123 -0.474521598863 -0.17815704619
-0.5566670016 -0.488282190696 -0.215174298462
-0.523220306487 -0.498777730322 -0.254414713414
-0.486791004261 -0.498683212049 -0.292222536322
-0.447260995692 -0.500014778448 -0.326690406346
-0.406042755601 -0.508458777771 -0.358539381687
-0.364943698726 -0.500844265623 -0.390456915463
-0.319733056769 -0.499882246392 -0.417054444484
-0.273395916024 -0.502262800053 -0.441514091837
-0.226352672546 -0.507767716136 -0.463943471875
-0.179556492929 -0.512892685637 -0.487031577271
-0.13388729652 -0.511460876482 -0.512827870599
-0.0894489653092 -0.504728110382 -0.539828459162
-0.048511125275 -0.493767210194 -0.570894487129
-0.00813389595117 -0.486120115162 -0.604032397025
0.0374803266065 -0.482149409209 -0.629488213924
0.0847452297896 -0.479757856754 -0.652160165355
0.133268428409 -0.484811479888 -0.671243736238
0.182963494826 -0.490569709259 -0.687129365405
0.233593677857 -0.489763244709 -0.700709786307
0.284944873628 -0.488971464166 -0.711877664721
0.33562957442 -0.500456108882 -0.718300540242
0.386233731215 -0.514071732123 -0.719237194802
0.43746523692 -0.525501151766 -0.716468149347
0.489544725606 -0.519892341263 -0.717000165379
0.539281223519 -0.50330203099 -0.717763888508
0.5892530903 -0.488360378942 -0.712365291295
0.63809310797 -0.472755110059 -0.701705097283
0.685760577904 -0.458916868906 -0.684803924256
0.731261088564 -0.443915473978 -0.663352813359
0.772385912321 -0.420541973043 -0.640769356594
0.811937912531 -0.404193147282 -0.61047497049
0.847826926232 -0.386649282573 -0.576554216365
0.879514217191 -0.368772728234 -0.53860573219
0.911606066176 -0.351732565414 -0.500541501095
0.944040693278 -0.335763554246 -0.462546222645
0.9766460452 -0.310778920163 -0.429838950392
1.00478473838 -0.27453378352 -0.404416801556
1.02998899357 -0.241313079197 -0.372606205477
1.05271380309 -0.211964317888 -0.335524542872
1.07157816779 -0.186819794982 -0.29346632791
1.08345537619 -0.151559876473 -0.256561587896
1.08419921466 -0.106651832983 -0.229581807849
1.0757976321 -0.0577167609797 -0.212942749334
1.06716992711 -0.0142479732443 -0.18416230475
1.05684782055 0.0236055925273 -0.149310829657
1.03774283974 0.0665207210115 -0.125970896163
1.01093060292 0.111073719087 -0.119164860592
0.981553636145 0.152148684107 -0.105199214161
0.95273666556 0.186407620649 -0.0780509674189
0.927030548914 0.210457203137 -0.0392840570197
0.897941385327 0.231435226993 -0.00108824882779
0.864966299233 0.255703778749 0.0315913914805
0.824815272431 0.28472238263 0.0485910032312
0.781375605845 0.313851860921 0.0459133266334
0.736484932269 0.340701014072 0.0427148000354
0.691344530549 0.365051926729 0.0537514785796
0.64962548567 0.384533194058 0.0790116922579
0.615271713702 0.398877742676 0.11624915584
0.589665669332 0.408408259639 0.16098079899
0.555496082051 0.42516307869 0.197136399483
0.514216127131 0.448139975589 0.21992174823
0.472030052137 0.469722960705 0.242215303695
0.427423264975 0.491414408469 0.259015902539
0.381504137607 0.514795663025 0.268506805602
0.33521530685 0.537440488942 0.27792895475
0.288648644917 0.558778623563 0.289857506159
0.247231175575 0.573942933745 0.318216362234
0.209752454339 0.585135884242 0.353175557355
0.166944848813 0.598818040546 0.38049325685
0.120185184514 0.615089859647 0.397549740321
0.0726854194497 0.630769904178 0.413754963476
0.0259445764147 0.644412844375 0.43310556652
-0.0230188737955 0.659414889598 0.444090051782
-0.0730868993111 0.675088059737 0.446516260634
-0.123625168304 0.689748416083 0.448916639602
-0.174212185983 0.702662140642 0.443777539195
-0.225784600713 0.7111473388 0.44034678317
-0.277980707418 0.714423579348 0.442775821279
-0.329924554018 0.712641933428 0.449461255359
-0.381643818904 0.706606292209 0.454940474791
-0.429727056267 0.693921123468 0.471873605625
-0.470332784152 0.67548857462 0.49938427001
-0.51269158024 0.653176511106 0.520976241395
-0.559275238066 0.629785556585 0.526863030774
-0.605678941036 0.607632932153 0.515941944977
-0.649268911423 0.583938415643 0.499041281651
