-0.169777264051 0.313259348344 0.709681420805
-0.128737536594 0.343550650231 0.697861986705
-0.0794129437877 0.360089806665 0.691934657727
-0.027072128295 0.361388511141 0.692430012968
0.0227236299602 0.346868497291 0.699563123823
0.0642999411852 0.317901652133 0.712737700727
0.0932325430791 0.277943884793 0.730282379833
0.107099127069 0.230003568643 0.746259460063
0.136918057374 0.187462279432 0.753122430502
0.178072651373 0.155092857246 0.752012160569
0.226523899602 0.13673594734 0.744353950314
0.277465418651 0.134159451507 0.732470107175
0.325735162714 0.14775916347 0.717369779961
0.366243004576 0.176564824695 0.700831712003
0.411069116473 0.197506680963 0.683260369422
0.46062284776 0.201763143592 0.666395026754
0.508515511607 0.185354619408 0.652440643941
0.552265943223 0.161117552413 0.636773572062
0.587220223945 0.125021876002 0.622053654503
0.612090634159 0.0809897385037 0.608398546106
0.636218652969 0.0383799154958 0.589664689922
0.664195558454 0.00291175344393 0.563153379
0.697287938098 -0.0186877412482 0.528779924177
0.731527878564 -0.0281045110631 0.490300073969
0.766156234577 -0.0322488558498 0.451197506936
0.793123512259 -0.0513933807006 0.410568182083
0.809036978143 -0.0835533090931 0.372411893392
0.813159043696 -0.124053031917 0.339485377939
0.813731034479 -0.162486596842 0.303921809605
0.802483571178 -0.204878859816 0.275321855218
0.786497878292 -0.2472792063 0.248948117222
0.767794528634 -0.290945104854 0.226922005305
0.75007208912 -0.333810871773 0.202625228179
0.731565832847 -0.37689738617 0.179018061425
0.715104848613 -0.419087998145 0.152303308116
0.706563131668 -0.456165357236 0.115786321875
0.702900464509 -0.488703067245 0.0747273770318
0.705651786833 -0.513838761247 0.0287945042817
0.700592252003 -0.539365175548 -0.0166940470902
0.694020627248 -0.558214897768 -0.0651562472529
0.687444849895 -0.568231735162 -0.116159572394
0.673051945195 -0.581162265955 -0.164862039662
0.652296606259 -0.598382258369 -0.209852125302
0.641904694475 -0.601727942149 -0.261071647813
0.63799870205 -0.591772005898 -0.31243688623
0.628788873392 -0.581122054721 -0.362923930805
0.603990037344 -0.582058848216 -0.409034112266
0.568271669551 -0.59210198851 -0.446008340174
0.532882463358 -0.594003135302 -0.484614870431
0.50625975954 -0.579375077981 -0.527316107945
0.476453854236 -0.562842154377 -0.567196511582
0.453770463371 -0.535603905452 -0.60612804325
0.44750550123 -0.498167429659 -0.642403179459
0.455968003507 -0.454952359354 -0.670867701515
0.450467061825 -0.412201282718 -0.7007746026
0.42751109511 -0.375575067763 -0.730509271843
0.390543746822 -0.34892609859 -0.756450411141
0.344759252431 -0.332814757837 -0.776191878106
0.305281750562 -0.303204887421 -0.794036686563
0.262797025158 -0.275437091174 -0.806918783442
0.212850721817 -0.260748138696 -0.812622214616
0.160855510225 -0.253225299754 -0.812066885362
0.109592685006 -0.242723438596 -0.807563799176
0.0584245561225 -0.245245661331 -0.795966094585
0.0123962000745 -0.262900959918 -0.777895956122
-0.0233474947653 -0.293810950575 -0.754964477954
-0.0567764456145 -0.326979082996 -0.732000033124
-0.0992901003077 -0.346453874901 -0.708377711508
-0.146780970824 -0.350365976952 -0.68660748185
-0.194633589786 -0.338236743424 -0.66905943304
-0.239092471502 -0.312407572551 -0.658848649521
-0.275040897437 -0.274402846933 -0.655684171956
-0.297923914677 -0.227320793295 -0.658092041343
-0.308739071942 -0.17619000466 -0.662316517789
-0.314775502349 -0.124182798799 -0.663118133793
-0.310267211544 -0.0720151243757 -0.662701662638
-0.31745839279 -0.021298600826 -0.651718445322
-0.338353555794 0.0230535591559 -0.633235517997
-0.370408196494 0.0570243842776 -0.609514168006
-0.410857786494 0.0771467153312 -0.583023581287
-0.455700334066 0.0816927022086 -0.556361654296
-0.496809238121 0.0989650881972 -0.5288271468
-0.533883163221 0.124251512135 -0.50182639291
-0.57300226333 0.147220441115 -0.475582454578
-0.599816767622 0.186718581184 -0.453966291981
-0.612262389564 0.235027159177 -0.437924279449
-0.63154034187 0.279433452994 -0.417725729321
-0.662345870301 0.313388888037 -0.392232482867
-0.700592842566 0.333470827608 -0.362449943087
-0.734481373747 0.354737306667 -0.328624556995
-0.762051535342 0.380015721009 -0.29198071951
-0.791750489151 0.3940911016 -0.251200590569
-0.81511234642 0.411475373023 -0.207595755122
-0.837179357126 0.42253604707 -0.161419052305
-0.853369984685 0.436473375475 -0.1135760351
-0.871816390056 0.435817403246 -0.0645593897245
-0.880066001744 0.446160378152 -0.013824796485
-0.880084051459 0.461447828673 0.0362676971716
-0.883132932639 0.461511480571 0.0885848857836
-0.88542812135 0.452543877015 0.140377540877
-0.884658310789 0.439999883519 0.191216481674
-0.884361725266 0.417241364224 0.238374586754
-0.874606423581 0.40131013292 0.287327028076
-0.854925043217 0.397958831254 0.335791394154
-0.826788389366 0.408812073093 0.378660443436
-0.792522443251 0.426569248971 0.414291496412
-0.753985021331 0.450850183737 0.440145978287
-0.711865035776 0.464254022573 0.468481859669
-0.670881404147 0.461378143767 0.5009720741
-0.625136800177 0.45873534602 0.52639784244
-0.576128126627 0.456208022926 0.544778186106
-0.527504513383 0.447065988413 0.562394437572
-0.485545649488 0.424904308505 0.584950341307
-0.440889629796 0.408367731412 0.607105433941
-0.407637188426 0.379522261896 0.635644843517
-0.389286314598 0.339101057858 0.663447540151
-0.357315598785 0.30672313872 0.689382058224
-0.313386718323 0.284959540442 0.707798858526
-0.262630890784 0.276040041345 0.717104023099
-0.210622086948 0.281854079739 0.719003902037
