0.449484314922 -0.247089793565 0.992194640389
0.44037985346 -0.209954467679 1.02798969149
0.434944043085 -0.16354099596 1.05174309008
0.4291554642 -0.112099924113 1.06022774671
0.420942752595 -0.0604427989456 1.05531379445
0.412157181112 -0.0132686393269 1.03418651986
0.394758654617 0.0292828149354 1.00877862087
0.377339867769 0.0620241480883 0.971735093822
0.364921906897 0.0878942605603 0.927919841858
0.358248647357 0.10394376774 0.878493330468
0.349074218528 0.123598148945 0.830766811809
0.332646485018 0.154493938454 0.791752869815
0.309270915316 0.193243794651 0.76528913854
0.278481175042 0.234151044092 0.754031674775
0.243435601797 0.272730461024 0.759205377715
0.207968420132 0.304865499264 0.78046888737
0.17198175257 0.331082229275 0.808130429357
0.1291612764 0.35924771546 0.819333224767
0.0847799810159 0.386764322209 0.813657424125
0.0439230690422 0.413110164928 0.793953577868
0.00996357817789 0.435793029529 0.761069500742
-0.0133424430766 0.453007349923 0.717386065639
-0.0246558337284 0.463666409433 0.667347489357
-0.0306397343436 0.469545584977 0.615664940839
-0.0487588427896 0.480419887469 0.567752567457
-0.0725296684312 0.49355807334 0.522993012257
-0.0989386057253 0.506719234729 0.479745942572
-0.128161420301 0.519509084209 0.43818902582
-0.162266076056 0.529126547422 0.399600996244
-0.206947668985 0.540063262141 0.374585592485
-0.252630179953 0.547377127024 0.350052320245
-0.290377402991 0.549318725018 0.313821718502
-0.31635613221 0.542823248808 0.268824287161
-0.327927591997 0.527616049683 0.220065139622
-0.324003765824 0.506354920716 0.172344845355
-0.328737207055 0.48736520619 0.123776031019
-0.327814059539 0.466479637556 0.0757740653792
-0.321312483258 0.444065348693 0.0289066452419
-0.331049112035 0.423715325834 -0.0183399215843
-0.356351307969 0.40766107913 -0.0612731386705
-0.394476915556 0.397141021721 -0.0955812360073
-0.441744713793 0.393631732441 -0.11782743309
-0.493323095769 0.397585203628 -0.126014960808
-0.542403617508 0.39662258816 -0.14436814596
-0.583978820195 0.388889199235 -0.175255905107
-0.61459968042 0.374748237551 -0.215310167667
-0.633465999145 0.355921547162 -0.260429805884
-0.644226766294 0.333954639202 -0.306952273456
-0.663186025539 0.314015440395 -0.351569483715
-0.677842791224 0.293453153655 -0.397482287926
-0.685713781929 0.267421867512 -0.442328106466
-0.681582607711 0.240552246108 -0.487266280248
-0.674160308918 0.212395826021 -0.531583464895
-0.663240917756 0.183765198574 -0.574386108938
-0.657816333798 0.154541360374 -0.617508354285
-0.651337965018 0.12425579881 -0.660009652768
-0.641748865098 0.0929764501824 -0.70139950007
-0.62978199091 0.0612403574189 -0.741481480222
-0.615936148694 0.0291840614486 -0.780698440448
-0.597365053022 -0.00262316789948 -0.818301362301
-0.583170021646 -0.0348829551236 -0.857199890706
-0.57278319095 -0.0680643935175 -0.896583047518
-0.580170870137 -0.103129827779 -0.935080924104
-0.592492878788 -0.140583659598 -0.969712564426
-0.586920186811 -0.183167887131 -0.999750819466
-0.56240575666 -0.224435488498 -1.02071119714
-0.524092620465 -0.258969867592 -1.02975955808
-0.477354595912 -0.282240399621 -1.02576859636
-0.428075441359 -0.292057563095 -1.01103600386
-0.380708052424 -0.287024499617 -0.989296797595
-0.339853995342 -0.267326333088 -0.963135929846
-0.309526219353 -0.235290706061 -0.934930094162
-0.286498289249 -0.197414109861 -0.906346215653
-0.250638175358 -0.172189006561 -0.877175099849
-0.206203843392 -0.163050242435 -0.850859504071
-0.159094782635 -0.163852312583 -0.827844507246
-0.111643431695 -0.179015134096 -0.811541000561
-0.0694400248124 -0.207327168285 -0.7988641114
-0.0307855817097 -0.23923605916 -0.783261015672
0.00222040855581 -0.276996463399 -0.768164031193
0.0388782624637 -0.306829006101 -0.745393365409
0.07751242928 -0.329722358256 -0.718376651194
0.115261141608 -0.35409522899 -0.691503428063
0.145383439845 -0.39084940586 -0.669510778464
0.177950739713 -0.4170782422 -0.637944073646
0.20457924035 -0.448794090549 -0.605780420349
0.234378627057 -0.464224273457 -0.565522380193
0.264239929529 -0.462166977837 -0.522517586652
0.292250512926 -0.451782664207 -0.479463839186
0.315814794046 -0.427082395745 -0.439751201385
0.335101041931 -0.39378500848 -0.404205985821
0.352652540074 -0.358777310691 -0.369246290493
0.375437552096 -0.337146537676 -0.327343977499
0.40054002019 -0.328301470587 -0.28222636408
0.422388316496 -0.308067938882 -0.239145850785
0.447089326613 -0.296017638644 -0.194552709893
0.473460486238 -0.284297565317 -0.150704939766
0.495195864967 -0.256283583241 -0.112001781218
0.517689642248 -0.230838656634 -0.0719510983677
0.536798095846 -0.22412863314 -0.0235417096545
0.550969833074 -0.226051877594 0.0268846655938
0.556388167954 -0.218173537554 0.0785072325793
0.558375915783 -0.216138904186 0.13088628531
0.560892294173 -0.225139182438 0.182527928258
0.564264733946 -0.237747291152 0.233388294667
0.568311509394 -0.250138790357 0.284279993848
0.573107823508 -0.263393472713 0.334734893296
0.573459622591 -0.278113070477 0.385311802152
0.570620599114 -0.30215909895 0.43184839045
0.564423471585 -0.318335184294 0.481260246778
0.557234993211 -0.332631291254 0.531355307212
0.549433228787 -0.347495929993 0.581184658757
0.54026895402 -0.359303390536 0.631612122491
0.529448667529 -0.361318015259 0.682826163126
0.518042898613 -0.36388687768 0.73390073456
0.506238915596 -0.372256773769 0.784227784956
0.492967540712 -0.371930929609 0.834923218242
0.478619219235 -0.355542877226 0.882587921924
0.46576111695 -0.323436190506 0.921978593365
0.455918816362 -0.28417783442 0.9557746419
