0.320011387468 -0.522088111262 -0.18929789401
0.356436970014 -0.520205608881 -0.226869013249
0.400484740815 -0.508424221758 -0.252609614666
0.447238594848 -0.487568153086 -0.26359712646
0.491557205816 -0.460096337559 -0.258778648359
0.5287667924 -0.429115013338 -0.238823503112
0.554942838233 -0.397756429614 -0.206043978436
0.574567183819 -0.364629248032 -0.170541557204
0.597629316144 -0.325365877398 -0.144690316459
0.620778404741 -0.282586273874 -0.125237719286
0.647886122924 -0.237972705551 -0.120993809122
0.676182015054 -0.195786872641 -0.133751428439
0.702302251052 -0.160461206406 -0.16226097821
0.723351845414 -0.135927841255 -0.203476108963
0.740339993571 -0.107593073589 -0.244177246704
0.753998990288 -0.0667342905642 -0.274051965374
0.76663167184 -0.018868972306 -0.291385325476
0.777326605915 0.0323195587614 -0.294810012284
0.787696871149 0.0826907112894 -0.304621171126
0.797979548759 0.127707960203 -0.329293674818
0.807538142813 0.163180752124 -0.366596601802
0.814189205546 0.193766899195 -0.408582372997
0.819761101392 0.232788787853 -0.443048033826
0.824424348278 0.280702342793 -0.463636378929
0.827798033997 0.33273247996 -0.468386325543
0.829839920045 0.383752009447 -0.456818667755
0.830280011825 0.428745329388 -0.430053443057
0.829039750945 0.463282574195 -0.390724546849
0.826762521364 0.483863850804 -0.342626161725
0.822487949975 0.489789017765 -0.290775611593
0.813212541123 0.498571131317 -0.240001849701
0.802362222204 0.492832145162 -0.189102389467
0.791598926957 0.481247918195 -0.139156757528
0.779476176734 0.473775528428 -0.0887463959982
0.765893807035 0.480190801446 -0.0385840082518
0.75095278865 0.497525564384 0.00851922579108
0.730526120075 0.508009521377 0.055786824352
0.707929556438 0.508006070117 0.103125770518
0.687537360622 0.497389411354 0.150176381697
0.66468177537 0.489298646019 0.196687828762
0.637500808102 0.481987249638 0.240861535122
0.608654525724 0.46887507748 0.28259406824
0.57570418715 0.464904099129 0.323126692149
0.542519785552 0.457551194494 0.362951479358
0.509406975129 0.448771166421 0.402595579186
0.473567778369 0.445299593865 0.440844479456
0.435844551449 0.432539040755 0.474914063165
0.394522987504 0.422856875202 0.505739068969
0.351105400346 0.409265311287 0.53167111632
0.30807403677 0.387599557218 0.552374489634
0.260678422627 0.375228277673 0.57087664871
0.211101858275 0.367614653667 0.585911006996
0.160345162036 0.360474615159 0.596681676691
0.112050004554 0.340802964798 0.601439495203
0.0656332658306 0.316656133008 0.604196478372
0.0253135535772 0.283211893017 0.603893463269
-0.0143296145529 0.249025187069 0.60255706526
-0.0555307248226 0.216756835419 0.600849284422
-0.0997136305041 0.18940213727 0.593582198207
-0.134388625922 0.151482023261 0.583252117985
-0.176183381282 0.121214582467 0.573779263257
-0.224487718468 0.102959028753 0.5645750142
-0.27373387342 0.0881891846175 0.554508256259
-0.322621515297 0.0756021987131 0.540421195665
-0.371940872944 0.0678024293081 0.524407791626
-0.421259434076 0.0724069202296 0.507035399546
-0.468695766099 0.0844297703774 0.488424507845
-0.515486822647 0.100067761645 0.470589653262
-0.559112227032 0.125156731661 0.455574277709
-0.60278714584 0.148397484414 0.438259337223
-0.646218026388 0.171331662341 0.419892532746
-0.68940626086 0.193949406819 0.400218249912
-0.73427302753 0.205469605681 0.374773746291
-0.777091222305 0.206028507986 0.344521152259
-0.814900223909 0.197887805658 0.309102858399
-0.849369976763 0.182141900571 0.272928717391
-0.881435965316 0.162666211621 0.236364403947
-0.908209569372 0.135658128911 0.200319320405
-0.936770665546 0.112195935553 0.163136975519
-0.968924991353 0.097507825882 0.124234070394
-1.00281981614 0.0996088398412 0.0843644913816
-1.03142772761 0.0962544113329 0.0406347306894
-1.05255774272 0.084834742188 -0.00589881649141
-1.06684200734 0.069074882683 -0.0537819582691
-1.07684198635 0.0499575605009 -0.10166693127
-1.07599931705 0.0227547088073 -0.146457788376
-1.06699100728 -0.0162445014022 -0.180481786286
-1.05268752026 -0.0595080870835 -0.206420980131
-1.03220267775 -0.106573824962 -0.21696702571
-1.00570326537 -0.151754217293 -0.211703294874
-0.968529138962 -0.188666106575 -0.215434825579
-0.929623734356 -0.22212698797 -0.226135358017
-0.890268397474 -0.252882462751 -0.241996038214
-0.848970888234 -0.279946921263 -0.259523857456
-0.805306903681 -0.301874008456 -0.278444127922
-0.759946712783 -0.323450683363 -0.2932973204
-0.712784538742 -0.345318578035 -0.299663857483
-0.666049059702 -0.367668242515 -0.307365439906
-0.623940636167 -0.388553473953 -0.330455371492
-0.589753638671 -0.407831110807 -0.36519360725
-0.556258111309 -0.422164536791 -0.402836646084
-0.513172121695 -0.437112919658 -0.428662969028
-0.464382622611 -0.453133670822 -0.439140051304
-0.414538267289 -0.468841028849 -0.434351093113
-0.366135804275 -0.483445585723 -0.420737878988
-0.319217107961 -0.497376261276 -0.402111603457
-0.280437855694 -0.508439450358 -0.368703965018
-0.252244379498 -0.519198417426 -0.32589525416
-0.235202760064 -0.525764064575 -0.276744756945
-0.202471011859 -0.531492879603 -0.236197721125
-0.158256152479 -0.536877735916 -0.208588489797
-0.107997895095 -0.54479893362 -0.196051277966
-0.0565332454158 -0.553884241263 -0.200014190938
-0.00625142285335 -0.563081488572 -0.211353244486
0.0456473089077 -0.568176920005 -0.206655408758
0.0943684989434 -0.565702730356 -0.187628746147
0.135411155549 -0.556862916351 -0.156315277455
0.182941136026 -0.544054432563 -0.138429705162
0.233550295019 -0.530626128983 -0.137426499261
0.2828734479 -0.521407339717 -0.15239018266
