0.155171745886 -0.578763215577 -0.0161757209004
0.189401839683 -0.54182720425 -0.0305064057845
0.220762944963 -0.505705821082 -0.0519122502332
0.248439154323 -0.470731704876 -0.0794028960699
0.272820107317 -0.436768147525 -0.11098602533
0.285694269695 -0.407338878065 -0.15235572792
0.287696864115 -0.382914690679 -0.198625998889
0.286253015662 -0.356032416976 -0.243560786347
0.282426198003 -0.325685265344 -0.286068767768
0.272356977593 -0.297386504337 -0.328986476181
0.258990041517 -0.272743485808 -0.373227565723
0.234908649243 -0.26131746262 -0.418319915209
0.202843645358 -0.257421076509 -0.459578138875
0.168004879909 -0.252696428386 -0.498450270082
0.139663339992 -0.232016194929 -0.537317109507
0.117913962126 -0.19825621279 -0.570932460295
0.0968603717834 -0.159929653366 -0.599739786628
0.0628552161411 -0.132195244112 -0.628320755051
0.0211133045613 -0.113452864259 -0.653769470023
-0.0168937763262 -0.0839641953537 -0.674619504239
-0.0497421523779 -0.0461707388814 -0.689994233167
-0.0713323933258 0.000808057108352 -0.698357629425
-0.0821776996787 0.0520126193387 -0.699975045024
-0.0828278379747 0.104072815516 -0.69441971904
-0.0742075657796 0.154595904972 -0.683100591287
-0.0823718822668 0.205357976243 -0.673055263197
-0.0973011243254 0.253978271135 -0.66062323331
-0.109024655512 0.301806642779 -0.642819787113
-0.126508553252 0.346968653842 -0.622745190384
-0.157430141841 0.385201626946 -0.604710557401
-0.188570290038 0.422320652439 -0.584805066217
-0.209273377711 0.461248604746 -0.556467819931
-0.234537795337 0.495553695297 -0.526011825441
-0.260614559684 0.526209158142 -0.492445218954
-0.288241251849 0.5530109994 -0.456927709822
-0.305953895867 0.581383716816 -0.416543933957
-0.311516040879 0.609314036231 -0.372470233681
-0.327525142646 0.631169877445 -0.327636765233
-0.3268203693 0.649830521813 -0.278713623577
-0.309503364211 0.662628204808 -0.23098832462
-0.277496304699 0.668702744065 -0.190002730569
-0.234279865027 0.667800612115 -0.160463548531
-0.18451100139 0.660606061619 -0.145890763477
-0.133739008517 0.647963564598 -0.147801516004
-0.087613625716 0.630704686132 -0.165579194715
-0.0509281439009 0.610901856337 -0.197259480449
-0.0262922644437 0.593942150508 -0.240249823277
-0.0158497494656 0.581652526012 -0.290069858488
0.000352495147396 0.561844035023 -0.335750932037
0.0178865892099 0.536978501277 -0.37842193683
0.0475612536946 0.504797572309 -0.407245137955
0.0725462583472 0.469592440006 -0.436986865903
0.0835276650134 0.43511181273 -0.474951461879
0.0976050467271 0.397024101052 -0.508011234117
0.120683066546 0.354181882306 -0.527343919896
0.15021345549 0.311088361903 -0.530884363233
0.183019361539 0.272287127961 -0.518251169422
0.215540136781 0.241784675344 -0.49080863978
0.244309723997 0.222830130046 -0.451388055188
0.266160816608 0.217382965684 -0.404124599658
0.278691264022 0.226031525783 -0.354031025033
0.281252616758 0.246357787728 -0.305845844267
0.275050668142 0.273893809084 -0.261714536623
0.264806014724 0.299563936559 -0.217228896754
0.257645818549 0.310365991513 -0.166473119508
0.255277377874 0.306681112986 -0.114295064256
0.255464118286 0.29542576089 -0.0631113190322
0.251473083742 0.283036634914 -0.0120992998305
0.246955358966 0.268783619638 0.0381781307669
0.235707155413 0.264372425321 0.0891471067992
0.217199833227 0.273112875223 0.137347005822
0.194352527169 0.288831010239 0.181777847065
0.173092554956 0.297780003437 0.228959734014
0.152701452836 0.302684365935 0.276967671034
0.129650428084 0.311941850153 0.323138132802
0.109423856692 0.313192819584 0.371434157311
0.093119260926 0.304817658205 0.420724181211
0.0718400003447 0.29672508381 0.467974443924
0.0514866057004 0.281396241923 0.51374911003
0.0358562026527 0.258776027032 0.558324321783
0.0244364060076 0.230107550339 0.6006969719
0.0126305528298 0.200230745925 0.642052887179
0.0110269213731 0.160033829747 0.675576718329
0.0217524398444 0.113173597379 0.696512108687
0.0257864498037 0.0656571342907 0.718409521213
0.0141596879197 0.0246441703382 0.748876121678
-0.0118241885793 -0.00453418052944 0.783747577473
-0.0433932393235 -0.0303285161475 0.81676192751
-0.0738112560295 -0.0630340641269 0.844075987492
-0.109146008779 -0.0926320239144 0.868948135647
-0.137541356339 -0.133625178406 0.885024769931
-0.156013919782 -0.182313188776 0.890521528479
-0.161966833049 -0.233971617924 0.88439098303
-0.154903372111 -0.283165422154 0.867886325401
-0.151212421801 -0.331820515167 0.848898449965
-0.160408206753 -0.380239475032 0.83122043268
-0.185088242351 -0.424717307002 0.818806200184
-0.222994770515 -0.460293261574 0.812565436806
-0.262489801289 -0.493192693972 0.802594637036
-0.291508313522 -0.530341916236 0.779802657449
-0.30701201954 -0.568111586671 0.747024002169
-0.307372284562 -0.602123360336 0.707219300642
-0.292750466032 -0.628687970975 0.664535798159
-0.264653193699 -0.645103932346 0.623517953853
-0.226078249927 -0.651226887642 0.588631974245
-0.18518386515 -0.654338624178 0.556025397741
-0.156659745502 -0.662375155113 0.512826970247
-0.142248061043 -0.676162582315 0.464393120441
-0.142371961213 -0.693052346413 0.41476813856
-0.147438595936 -0.710960899991 0.365819464505
-0.137967449774 -0.723208553336 0.315784118551
-0.1154971591 -0.729219671775 0.268805791766
-0.0880034851392 -0.732898906547 0.224266806097
-0.0714581221223 -0.739519064761 0.174816258456
-0.0428745716177 -0.732506762737 0.130874855546
-0.0202309666971 -0.723764161338 0.0842705105721
0.00707335095351 -0.706883114752 0.0428824028019
0.0420073392322 -0.681544296491 0.0132397393861
0.0806344107706 -0.649317231186 -0.00127735759718
0.119049805852 -0.613735534434 -0.00156432822506
