-0.989400314833 0.484244573854 0.0392130619571
-0.990446695838 0.436939038609 0.0617021698817
-0.974892257337 0.39328674753 0.0861467477813
-0.945445141894 0.358519408233 0.112015364642
-0.905011650969 0.337218869786 0.137624333311
-0.858318683084 0.331275763203 0.160614262178
-0.809974208562 0.337580058046 0.179702695432
-0.761408153906 0.338171333448 0.199380842301
-0.712674186109 0.336607634467 0.218567140038
-0.66680562587 0.322623670443 0.239650947818
-0.627252323984 0.29581345506 0.261239257082
-0.585402780829 0.271856222873 0.281824784395
-0.544468865992 0.246004349672 0.301778371893
-0.507753565821 0.213931633425 0.321011277148
-0.485441460812 0.168486383789 0.334516549457
-0.477374175333 0.117134521353 0.340958318689
-0.452748293023 0.0715045102568 0.348483471674
-0.418921416384 0.0323301771462 0.356564015308
-0.387613682097 -0.00911433612243 0.363202568964
-0.350327397343 -0.0454652221768 0.370013517506
-0.306994170006 -0.0739874489492 0.37758668927
-0.259504446662 -0.0945571381525 0.385569556402
-0.214754056502 -0.121340270382 0.392104708669
-0.174839257977 -0.154758991774 0.397877490143
-0.147101912462 -0.199097978089 0.400715379948
-0.134160070723 -0.249829121335 0.399411080514
-0.135118008957 -0.301589667769 0.391529495522
-0.120639611048 -0.351322780295 0.381221643357
-0.0991317654725 -0.398302099763 0.371745088529
-0.0930440712798 -0.447337316661 0.354097416175
-0.0753831255069 -0.492557720795 0.333560640629
-0.0541883735956 -0.536037829566 0.313459974712
-0.0219186799401 -0.573743896897 0.296589253185
0.00167056361614 -0.615687239228 0.275913630365
0.013551749835 -0.660693232426 0.251936064963
0.0243883730336 -0.705494517696 0.227032009887
0.0252923061152 -0.750766444196 0.200328364338
0.0225118444449 -0.795330099994 0.172915184537
0.0308252801811 -0.839299815861 0.145518851098
0.0452336179375 -0.882043020814 0.118723071897
0.0653455633957 -0.922551569342 0.092319166796
0.0994364265088 -0.956127996788 0.0710125409663
0.144106921747 -0.979779236205 0.0572376481487
0.193361910476 -0.995406649348 0.0479653356646
0.244839614407 -1.00391424924 0.0426554989372
0.296892327082 -0.999223032779 0.0478536710396
0.342175503275 -0.977909322981 0.0641243546184
0.372408690491 -0.940535116712 0.0858762618421
0.409378793856 -0.904805292906 0.0979225092064
0.454571010778 -0.878382221136 0.0951607784066
0.500291315349 -0.853157929177 0.090638675982
0.546145911998 -0.828526220945 0.084762685823
0.594774864962 -0.812469358058 0.0734589639636
0.642564431477 -0.794063484933 0.0622775256701
0.689641608392 -0.775967546989 0.0480713192244
0.735298340049 -0.758063111058 0.0293624247802
0.777305791941 -0.734225377378 0.00913927711178
0.811192243075 -0.69797912113 -0.00760857546083
0.83370559305 -0.651654933233 -0.0171707260994
0.857419107406 -0.607826453531 -0.0339113688209
0.881884739667 -0.567937132841 -0.0574950878828
0.908289875452 -0.535327027911 -0.0888415892133
0.925266862159 -0.494995741443 -0.117894121029
0.932946795917 -0.449810545554 -0.143334501406
0.928243956601 -0.400549618713 -0.160553657319
0.91510538176 -0.351012552738 -0.171390138525
0.892729451293 -0.303776284003 -0.167286195057
0.864286111441 -0.262452039281 -0.152289216158
0.831853845096 -0.231559213114 -0.125166226342
0.800789361386 -0.193980256227 -0.105846387962
0.76797006929 -0.161982249081 -0.0805372281191
0.735287326646 -0.126836724167 -0.0595345153013
0.705146606905 -0.0856914347629 -0.047673543981
0.681868627304 -0.0388133619019 -0.0494849016403
0.661714069654 0.00718413731723 -0.0646364580174
0.647785478242 0.0492399760386 -0.0925900508132
0.621210316798 0.0908202427129 -0.110152986122
0.590531888199 0.131231401932 -0.123077495498
0.565241923697 0.170026736856 -0.14750877053
0.530256593584 0.207289715188 -0.158852659379
0.499276493424 0.244670989526 -0.17844641556
0.467960172631 0.2813264469 -0.198874512447
0.447652902044 0.31570569403 -0.232788742174
0.435889405558 0.344669826161 -0.274796354221
0.413591973518 0.37631476925 -0.310076330709
0.380233542978 0.409515321617 -0.333256421621
0.340159385158 0.441076541352 -0.345200627957
0.295843532939 0.468956422032 -0.344683017169
0.251203720738 0.496335725302 -0.34552986682
0.205519128274 0.521880072673 -0.343475171291
0.161238940541 0.548980252107 -0.350269940528
0.114186156786 0.570667354171 -0.342545440995
0.0676769663643 0.586984023871 -0.324869810228
0.0209525111857 0.602035612588 -0.306592027391
-0.0267361524495 0.617503763724 -0.291457420004
-0.0746348121759 0.638642619602 -0.292235644079
-0.119068922293 0.662810513771 -0.305847859632
-0.166826244085 0.683971170575 -0.309773958035
-0.215106583774 0.704198056911 -0.310945677644
-0.264138124755 0.722543916498 -0.308953836672
-0.31300885499 0.741394638846 -0.310031127031
-0.357865429041 0.763307125067 -0.325852170184
-0.394082751619 0.787141360108 -0.355222468698
-0.438815771799 0.808958505885 -0.371513999249
-0.487824026353 0.827443377198 -0.371480173855
-0.536604100964 0.839358525417 -0.356606445624
-0.581657747858 0.838851338164 -0.329913669999
-0.617707420936 0.826678141126 -0.2939337688
-0.640655904415 0.806687172621 -0.251314814742
-0.647898977227 0.781908367094 -0.205751914956
-0.646895280101 0.75524888809 -0.160497912656
-0.662802956936 0.730777388734 -0.116883003782
-0.694058486829 0.709701001735 -0.0804004593645
-0.737561221767 0.692862164239 -0.0564278492611
-0.787541700645 0.680958274679 -0.0461293367807
-0.82846695063 0.655175539074 -0.0257501614645
-0.876863296478 0.635781121435 -0.0205667461235
-0.917714860847 0.605284951799 -0.00857685861955
-0.954001800674 0.569609908303 0.00387084252527
-0.987127008315 0.530411151028 0.0145535847402
