-0.153982367683 0.0497005408282 -0.727206652489
-0.186088455855 0.0140912849983 -0.706154016206
-0.205951423054 -0.0316153778811 -0.690092078015
-0.211166405013 -0.0828120526371 -0.680425604053
-0.20064871717 -0.134023825908 -0.677468594625
-0.174587801383 -0.179243629586 -0.682081655569
-0.16155014141 -0.229811898969 -0.678189084614
-0.163545558162 -0.280687766227 -0.665919202367
-0.177385623946 -0.327860964119 -0.647654399214
-0.191879466514 -0.374286901194 -0.628038234504
-0.204163107203 -0.42134466772 -0.608542447534
-0.224003994429 -0.464340048533 -0.586205254076
-0.250629175813 -0.500695975317 -0.559478015618
-0.279776379065 -0.530119589262 -0.527439143121
-0.295069128391 -0.568266220711 -0.494734983205
-0.298019267606 -0.613084142003 -0.467598587326
-0.313081043429 -0.647508368518 -0.431044477325
-0.329183133769 -0.676592164277 -0.390589270332
-0.336294122161 -0.711919653201 -0.352526281735
-0.342450439082 -0.746255055996 -0.313469464771
-0.341835221712 -0.782821103765 -0.275996949191
-0.345461988569 -0.811560453075 -0.232358038035
-0.348328672155 -0.835826732785 -0.186026532346
-0.346904361082 -0.857583985318 -0.138371853949
-0.356375374672 -0.865195498631 -0.0874405918107
-0.376052727442 -0.857355640659 -0.0395403674181
-0.40260944408 -0.835724354956 0.00010734132483
-0.419466380222 -0.818288533373 0.0465352871987
-0.422339607945 -0.80948623561 0.0980736051045
-0.410930325755 -0.810157486051 0.14916554534
-0.388803945361 -0.822188547723 0.195065463201
-0.357835244161 -0.845535876497 0.230254751061
-0.321797915465 -0.876892978609 0.251755263828
-0.285890132235 -0.90657417486 0.275746775749
-0.25068549599 -0.922375106316 0.311154078305
-0.220346718286 -0.922776106236 0.353838068842
-0.195958194461 -0.910861714086 0.398717854976
-0.180084433412 -0.887186919496 0.442699173148
-0.153173284443 -0.868403849547 0.483606639362
-0.119541892161 -0.855477246021 0.521626204626
-0.0941817405364 -0.834437246694 0.562316453514
-0.0826190272819 -0.804243544787 0.60350078979
-0.0844864486866 -0.765343310736 0.638538596316
-0.0751278057181 -0.730278381192 0.676325272489
-0.0491520523204 -0.703070530456 0.712898160773
-0.0180816986675 -0.676323709315 0.745513430894
0.022970811868 -0.656386385143 0.771204858074
0.0677794996419 -0.637679263482 0.791076268136
0.105947549501 -0.606422449619 0.809781490872
0.132224211797 -0.563953020994 0.82626386977
0.153190477763 -0.517327122042 0.838492304148
0.174064403968 -0.469960273526 0.846353316243
0.1913961687 -0.420610978261 0.849899284619
0.208712257716 -0.371310551372 0.846463727579
0.22673955883 -0.32312726044 0.836537232311
0.239914133441 -0.275077905978 0.820134538093
0.257989235953 -0.229687273436 0.80078554588
0.264481148412 -0.18116205343 0.781835091617
0.274287095581 -0.133344708162 0.762389411047
0.276323843896 -0.0843699478877 0.74351158491
0.263253146454 -0.0362840238432 0.726996250756
0.245338009202 0.0114582280661 0.714585230443
0.229406238503 0.0595808045132 0.701280446904
0.223880441869 0.10899984378 0.684497569634
0.205606347013 0.156123896308 0.670576808971
0.176741936285 0.199215758107 0.660084553376
0.155501642119 0.245133098604 0.646218744113
0.150656278267 0.293692171221 0.627097246785
0.162270235936 0.339751900222 0.60499303237
0.189950160797 0.378481291016 0.582914600764
0.222089224356 0.414178534097 0.561620626857
0.238023170068 0.459168957609 0.53974771387
0.236918388096 0.508091018134 0.52079064542
0.224575199766 0.556983256952 0.505585175856
0.201778297976 0.603251994044 0.492931263609
0.16839315921 0.641365546543 0.479435592467
0.144498572021 0.682534561477 0.457603783345
0.129222506649 0.723642397976 0.42887727574
0.130108553048 0.764164511972 0.395617309955
0.125287972937 0.800461190531 0.3580315831
0.121443996894 0.833112006397 0.317135286543
0.111572747225 0.861435931143 0.273823734836
0.121157871004 0.884972419189 0.2279493682
0.126990731768 0.904553529741 0.179727061014
0.132682603099 0.920276942936 0.130084961387
0.14960290158 0.934885298982 0.0827135793804
0.151384074998 0.952082248618 0.0332522804135
0.164323491082 0.968702209817 -0.014721560019
0.159219380767 0.981035176688 -0.0654167197432
0.15658601046 0.986987572117 -0.117389649565
0.141556138028 0.988530476154 -0.16756630883
0.128861307446 0.985525108864 -0.218286587904
0.133309143802 0.977949229832 -0.269911143835
0.155579404277 0.968833851557 -0.316426945939
0.182378843763 0.959561002289 -0.360533696285
0.190556759423 0.944309010927 -0.410118788538
0.197715819132 0.924853934382 -0.458199852563
0.189855438524 0.901515751397 -0.504401514946
0.169690602376 0.875876276066 -0.545354697254
0.153749664165 0.845550055666 -0.584967007405
0.145359143817 0.810701488843 -0.623190959906
0.13034457804 0.773488039626 -0.656826130674
0.111632639703 0.734099234475 -0.685853913439
0.090322686884 0.692911541322 -0.710273754165
0.0871782095069 0.646416821289 -0.73424984897
0.100967916563 0.600650007685 -0.755740626059
0.130233055942 0.560079054974 -0.771418512124
0.158523557776 0.517475173335 -0.784180812456
0.168945998966 0.465821377941 -0.78527034836
0.17968216452 0.414476439146 -0.786280995737
0.178681604248 0.362095349972 -0.787249423449
0.163991533192 0.312020653517 -0.792015151883
0.133958728431 0.268997136201 -0.792218904971
0.120604899604 0.2179133336 -0.792137204587
0.103882583343 0.168244353581 -0.792472864059
0.0719835453513 0.126680863152 -0.792641589695
0.028105847963 0.0984389244836 -0.787909774556
-0.0217591892233 0.0856781741103 -0.77815459802
-0.0721019601406 0.090682097761 -0.764583467878
-0.120748467981 0.0856519016968 -0.745783871982
