-0.519145719128 0.619739373287 0.210083933783
-0.529436426353 0.593160001182 0.254008488754
-0.532521805661 0.570454808668 0.301113740691
-0.539134930017 0.544064003901 0.345860102587
-0.54674523233 0.513889522824 0.388067744631
-0.546650826957 0.48367125163 0.430865878406
-0.534911402897 0.461879214608 0.477015980912
-0.522092414582 0.439757200099 0.52271673448
-0.516626938222 0.406543383024 0.562885192449
-0.521055770432 0.36365846163 0.592669735879
-0.511010272849 0.325474989745 0.62710176744
-0.488766329986 0.294060814656 0.66262238425
-0.454240754677 0.275077091875 0.697112160441
-0.412914831843 0.271634751855 0.729075373906
-0.36927793214 0.283651966622 0.755417472688
-0.325729590325 0.286065058269 0.784393145879
-0.283540192834 0.275209632774 0.813477179153
-0.239161385407 0.262403243468 0.838152686767
-0.190606500069 0.256103353715 0.856858864218
-0.139678331126 0.257717081737 0.868955222575
-0.0882822248834 0.26338022829 0.877309169784
-0.0371137552886 0.272659433283 0.884430317131
0.013283670514 0.264191188042 0.896093090016
0.0578534124843 0.240054624942 0.909412690637
0.0934344587705 0.204204239652 0.923917811117
0.129393145795 0.167562317796 0.934458315575
0.174387030563 0.141123053949 0.938695511604
0.225513161569 0.129256527925 0.936415137013
0.271697154832 0.104752420782 0.931878062895
0.313518845829 0.0742297792335 0.924093465367
0.358314468001 0.0503085432533 0.910983221268
0.405177015795 0.0361998117013 0.892383678573
0.450569533934 0.0238702657005 0.869391109728
0.491550241478 0.0042662768455 0.843348168254
0.531428685632 -0.0112033756373 0.813098139169
0.568700048997 -0.0256894006658 0.779300407543
0.597742038534 -0.0521364799101 0.744684149182
0.615013364623 -0.0900288119219 0.712946757558
0.617756624677 -0.135374405017 0.6869111374
0.608103257299 -0.182723409934 0.666631339747
0.600566816426 -0.226355015393 0.638607457086
0.60106275762 -0.264574565695 0.602792943719
0.609757461414 -0.295342448245 0.561316602039
0.62522204656 -0.317706805187 0.51656253867
0.631950085104 -0.348489213372 0.474671789404
0.631859866268 -0.384910526542 0.436726554055
0.632666756312 -0.420320257276 0.398126929809
0.637536654038 -0.451183786045 0.356091899871
0.636815697843 -0.481780328893 0.313593134389
0.627151024027 -0.513553779841 0.273095369488
0.616581255414 -0.540404304103 0.229330048349
0.600569119919 -0.565420411815 0.186097352898
0.596632158353 -0.579767313907 0.135828478016
0.605283942956 -0.584814804425 0.0843946555477
0.624885986447 -0.578032808924 0.0362676380191
0.651263744837 -0.558572496582 -0.00459298406443
0.678508226637 -0.530051819465 -0.039054713487
0.693406784463 -0.5061486066 -0.0832544783898
0.694829351009 -0.491675681104 -0.1337458343
0.684680443586 -0.489136193243 -0.185112140582
0.666470733492 -0.500599530238 -0.232875945715
0.645849256329 -0.505761237792 -0.280739956666
0.623331535317 -0.507002070772 -0.3279922374
0.605316616283 -0.499663581699 -0.376645190289
0.585599106003 -0.492709985985 -0.424660666089
0.55779995715 -0.496397801994 -0.469228113905
0.534397430979 -0.491878328028 -0.51588486167
0.501668313227 -0.502349641583 -0.555415554285
0.46422098081 -0.52580340066 -0.58362626945
0.423688978113 -0.548473319504 -0.607966359079
0.380420297918 -0.57625561976 -0.618165147067
0.334851575985 -0.590802892202 -0.639461831526
0.292091182125 -0.589607329939 -0.669733807675
0.254003986826 -0.576157629382 -0.703108842764
0.217249020578 -0.556351434038 -0.734739060051
0.174592738064 -0.538698225992 -0.759780411503
0.130791870762 -0.519038877514 -0.780758875441
0.0906610221286 -0.491611616979 -0.801170109858
0.0519509577647 -0.463365511633 -0.822313587535
0.0230594247082 -0.4269047669 -0.8470369551
-0.01382908598 -0.392824588543 -0.863724411513
-0.0602482669413 -0.3673259751 -0.869175905992
-0.106141934508 -0.341223927934 -0.87518756266
-0.144937051488 -0.308300927497 -0.888016674314
-0.183962206927 -0.273780950272 -0.895046302078
-0.214954264797 -0.231440846822 -0.895145751074
-0.245775515477 -0.188592530591 -0.889839108886
-0.268501347232 -0.140334588752 -0.886049015186
-0.281008676927 -0.0894941151374 -0.890647236647
-0.294629969083 -0.0389276244353 -0.894254865289
-0.314921808289 0.00947241367108 -0.88970460886
-0.34372448449 0.0523076153561 -0.879101134936
-0.380001417567 0.0845380245455 -0.859394678557
-0.418312479696 0.111081252225 -0.835456696753
-0.458461597136 0.128811700444 -0.806545662387
-0.497505417112 0.141369213379 -0.773704953225
-0.533338570395 0.153802083721 -0.737566527027
-0.565819406556 0.172961890332 -0.701112461324
-0.595171274552 0.196902161913 -0.664766273325
-0.618519046372 0.230500447893 -0.631823407603
-0.630004037404 0.273031952173 -0.603360934453
-0.628904371902 0.321394891922 -0.582708712444
-0.620333971542 0.370181902012 -0.565603749471
-0.614597049244 0.417463556864 -0.543226597518
-0.611653920181 0.461399737521 -0.514723347514
-0.614949055865 0.496546618295 -0.476022894553
-0.616762463001 0.528086895848 -0.434182150506
-0.616610064547 0.556157529224 -0.389645792278
-0.611367865545 0.583438682091 -0.344856631986
-0.605666806261 0.604732599462 -0.297297194462
-0.593832289747 0.62542784657 -0.250502664097
-0.573773178186 0.647549923157 -0.207146880986
-0.551451254667 0.668053693585 -0.164403192331
-0.528944522426 0.684741278075 -0.120080660452
-0.501148697022 0.702382790456 -0.0786895297954
-0.487235697088 0.706734315353 -0.0282909732139
-0.481666386468 0.702666883253 0.0236192203165
-0.485068768756 0.690182049696 0.0743583603299
-0.493206359022 0.670546044816 0.122295691638
-0.507097174718 0.644336016603 0.165456944497
