-0.177810713351 1.02867276351 -0.104742626887
-0.185041920933 1.05459571656 -0.0598261769992
-0.184325991757 1.07199363416 -0.0104243232742
-0.184131342111 1.08660199109 0.0398570600819
-0.18406975159 1.09989129613 0.090499751299
-0.18866537252 1.11495453257 0.140480586503
-0.187695164129 1.12336758576 0.192174163657
-0.179796095352 1.12407760307 0.243971888326
-0.167026529289 1.1191324642 0.294628884853
-0.145610390881 1.10334190114 0.339765297295
-0.121444239689 1.08379202913 0.381974735714
-0.103147756742 1.06407699541 0.427162194191
-0.0906886400094 1.04431741941 0.474054750936
-0.0749436387102 1.01422361644 0.513924640632
-0.0557294339489 0.974083495114 0.541548853902
-0.0323994171654 0.929761916546 0.556889194581
-0.0143522665912 0.883293096405 0.573241575947
0.00754478560343 0.836436946676 0.581438516447
0.0254079317352 0.787740080007 0.588680747633
0.0347953165403 0.738494634818 0.603787506863
0.0377841170837 0.689986549903 0.623401901783
0.0373104311132 0.64018446871 0.639562577548
0.0380174595551 0.58883358765 0.650154935109
0.0400869918331 0.536751082853 0.655088725775
0.0439133200501 0.48454572733 0.653478574337
0.0519410507565 0.435385227964 0.637327042216
0.060209637699 0.387626041953 0.617461269456
0.0734451571905 0.349969280961 0.583452675415
0.0843512052197 0.307566710551 0.554701867117
0.0958537453861 0.266826905707 0.523765250983
0.102341700042 0.21806330925 0.505666338301
0.107005843223 0.168103856985 0.490651878173
0.107890469032 0.117718170467 0.476429935076
0.11262613193 0.0736143884611 0.448375192759
0.116145242606 0.0290518799335 0.421024081136
0.115202439655 -0.0202305667763 0.403242307108
0.107551852593 -0.0720736364324 0.401654801357
0.10026897995 -0.123700512346 0.396851473146
0.0919537876715 -0.175150606108 0.391867223658
0.0839313004457 -0.226083486567 0.382608554103
0.0779202801473 -0.27477917101 0.364031911534
0.071342346091 -0.323060477591 0.344849769932
0.0665503344681 -0.367931757149 0.318264436871
0.0635515164397 -0.408548840706 0.285213456974
0.0562832648477 -0.453877347373 0.259527053867
0.0534589940932 -0.49217895168 0.223842206985
0.0530209029951 -0.525375571989 0.183356229766
0.0485610474246 -0.565162151341 0.149596468223
0.0479269179208 -0.59677664224 0.107689556468
0.0536429183041 -0.612452680559 0.0579172087377
0.0606657684301 -0.625871067218 0.00770374537623
0.0715033742739 -0.625728166173 -0.0435753017051
0.0754816922151 -0.640988550124 -0.0935212624279
0.0715712145432 -0.671469903935 -0.135926165991
0.0611765695402 -0.712628714699 -0.166632569974
0.044719573746 -0.760338568533 -0.181292818284
0.0259733330554 -0.808195090812 -0.191529726087
0.00557192499574 -0.856417541376 -0.191363688657
-0.015544624379 -0.904375405971 -0.19009765203
-0.0383074843862 -0.949500170378 -0.204275879364
-0.0655360670907 -0.994237835364 -0.205536109065
-0.0943198882106 -1.03604671511 -0.192625319268
-0.123410676543 -1.0794434437 -0.196058239774
-0.15009059586 -1.12005936268 -0.215541967121
-0.171180923409 -1.15401933655 -0.249352409906
-0.184519311708 -1.17775518595 -0.294076300613
-0.18877687034 -1.18878596782 -0.345095004548
-0.1885107918 -1.18911470697 -0.39748807797
-0.183148746478 -1.17571308056 -0.447820607376
-0.172195385488 -1.14787106594 -0.490789654334
-0.157112039951 -1.10842218122 -0.521735062949
-0.138905651995 -1.06196061323 -0.537590786607
-0.118354862771 -1.01380177308 -0.536887651395
-0.0964828188686 -0.967475768872 -0.526003085308
-0.0752805717549 -0.921316431476 -0.513260489311
-0.0554538042947 -0.873908252324 -0.503046970396
-0.0354887436422 -0.827442297814 -0.489096492352
-0.0170659156766 -0.779622874776 -0.478271972149
0.00155415457438 -0.733951592831 -0.460423778539
0.020588848156 -0.695593268139 -0.429389467856
0.0344914160892 -0.651020446405 -0.404746146257
0.0480293464056 -0.617690141175 -0.366412534084
0.0614272732398 -0.576412055504 -0.337057400629
0.0742356285177 -0.54784885597 -0.294897753648
0.0877926242208 -0.517097532936 -0.254656982308
0.1016167061 -0.476620169488 -0.224343022644
0.113957664769 -0.430509453737 -0.202775026759
0.123657781874 -0.379419587247 -0.196326101283
0.131266432477 -0.327735001711 -0.192602268951
0.132988055196 -0.276020466881 -0.202044643841
0.137439103617 -0.224420235643 -0.194303792126
0.143548703453 -0.178674161078 -0.169305418912
0.148233461135 -0.130357519854 -0.149681726469
0.151995918896 -0.0817930037478 -0.130170880204
0.154147988641 -0.0316237589637 -0.115347480852
0.156768487569 0.0149236989655 -0.0914271063979
0.157749999081 0.0635679728397 -0.0720032374299
0.155961330174 0.115823694656 -0.0690087498491
0.152147351411 0.165853908602 -0.0839795972351
0.147230659193 0.208702762345 -0.113680600345
0.142464194258 0.242701729638 -0.153303758996
0.138108658654 0.276167372142 -0.193579922176
0.126721777282 0.311490591566 -0.230691492275
0.110011643543 0.339083966207 -0.272233646884
0.0892621418237 0.369821120336 -0.309253700028
0.064380534627 0.408035231474 -0.334995625361
0.0405489828479 0.452790040011 -0.348098983231
0.0207676013858 0.501257707405 -0.349884815788
-0.00429914679406 0.546292915342 -0.362466784603
-0.0324717125979 0.587979137417 -0.377571550759
-0.0588039284308 0.632804719925 -0.384442963779
-0.0796967132661 0.680289688727 -0.376896456195
-0.101744512344 0.727243617381 -0.369726886993
-0.118423022412 0.773883446219 -0.352678234457
-0.12961955699 0.817835774762 -0.326155260321
-0.136329951717 0.85857998812 -0.29372651852
-0.147562450594 0.901117733555 -0.265106847653
-0.16117463244 0.940699062649 -0.23361040178
-0.164345860132 0.971641846796 -0.191454110545
-0.172559412523 1.00101508993 -0.148892929064
