0.662310607203 -0.33011384452 0.284279368641
0.670964940215 -0.316347970691 0.33405785909
0.664779551434 -0.308490626011 0.385472324369
0.654087843393 -0.298407770525 0.435784388702
0.642622705875 -0.283666331622 0.484791707197
0.620556264313 -0.272032184655 0.530831987064
0.588421056548 -0.26422159069 0.571459001871
0.556181945426 -0.251359061633 0.610754879658
0.520545804405 -0.236985746697 0.646342775907
0.492908026748 -0.211343613636 0.682745610517
0.470578726419 -0.178610729957 0.717199708732
0.454941435749 -0.139007223402 0.747953063763
0.449586691063 -0.0938019393812 0.774038065321
0.445621704657 -0.0468911472746 0.797003803765
0.44235779243 0.00165061288743 0.816692919296
0.424345687214 0.0465231905751 0.836824487658
0.392302484523 0.0828369589964 0.856889386646
0.348437790125 0.108089046237 0.870412395721
0.297539474017 0.11912536094 0.876098018798
0.245414884128 0.114719707025 0.873414337645
0.194206775736 0.107243853238 0.865230661179
0.143529092126 0.117326154576 0.856573646215
0.0990879427669 0.143730897514 0.848067933958
0.0649996853079 0.183360675862 0.844609439398
0.0449365599806 0.231705208313 0.84698585222
0.0403048135937 0.283244491674 0.85519374833
0.0222020472032 0.332408963469 0.857766981132
-0.012013923005 0.371800307688 0.853078352382
-0.056024736326 0.398594528173 0.843414983969
-0.103732841286 0.41094378702 0.825513331911
-0.14863314067 0.425445001954 0.80259299357
-0.18989786102 0.451536928286 0.783677201307
-0.230852608368 0.477547807393 0.763964648939
-0.27153977192 0.503078220525 0.743127364627
-0.31115386659 0.530209825168 0.722217205818
-0.352136949114 0.553730091805 0.699669961651
-0.390871281659 0.580635423525 0.676879600409
-0.429335949889 0.599119793512 0.646426573931
-0.466371531396 0.603993255776 0.609708937047
-0.499978283191 0.602393298785 0.569437926779
-0.528902582739 0.591129646281 0.527169482641
-0.547225135707 0.564470180314 0.485863136048
-0.565710128551 0.546521772634 0.44027329358
-0.582922882502 0.526539575338 0.39501533042
-0.601722890004 0.51721839688 0.347009334436
-0.621402550605 0.516068695758 0.298213300485
-0.640033337275 0.50818003757 0.249849841154
-0.654920678017 0.483748066807 0.205924064222
-0.665489938702 0.450186344859 0.166911429413
-0.676113737894 0.416421917743 0.128232898047
-0.692919105491 0.396910752973 0.0824711444312
-0.706174194094 0.364477938022 0.0434761624401
-0.710194565855 0.323487723483 0.0105733716187
-0.702923313747 0.275188649956 -0.00863403187212
-0.688937727388 0.226386458839 -0.0231383354726
-0.679228191313 0.185532077692 -0.0545220028468
-0.673255247748 0.153014499381 -0.0954262434734
-0.65969026093 0.118622798442 -0.132525649862
-0.644544354952 0.0896556579124 -0.17346352651
-0.633968199873 0.0704958776863 -0.221050506709
-0.618327125403 0.0463818488641 -0.264846891555
-0.604595497152 0.0250135617143 -0.310659904672
-0.586925493467 -0.00122067450068 -0.352451123253
-0.567386407529 -0.0283524720536 -0.392804662303
-0.551541024703 -0.0489692378401 -0.438247394739
-0.529023479467 -0.0783685264728 -0.475265478776
-0.500074452913 -0.114788971234 -0.499311472897
-0.471769032433 -0.142439026007 -0.533618911666
-0.44783216598 -0.156709716831 -0.577951214397
-0.429987184307 -0.155359686827 -0.627155979293
-0.421994340751 -0.138679778129 -0.676145067365
-0.406866997855 -0.123033197817 -0.723770249903
-0.389179048663 -0.104237697646 -0.769461530479
-0.375241880586 -0.0770865076358 -0.812117858089
-0.360177560593 -0.046308981146 -0.851817531778
-0.33159860883 -0.0236191309663 -0.889367459108
-0.300991396746 0.00153747904907 -0.923637362927
-0.260153480191 0.016978471325 -0.952567525471
-0.213923253557 0.0262341978245 -0.975484995515
-0.163301047772 0.0214716953846 -0.988235175196
-0.11418802758 0.00316494336294 -0.988865757815
-0.0619809343863 0.000696133033547 -0.992160027196
-0.0102790266433 -0.00679872049587 -0.987829231908
0.0410399690195 -0.0121807908203 -0.978928448916
0.0906364081128 -0.019415454188 -0.963483100739
0.133557700906 -0.0357634551483 -0.93831689486
0.165028119995 -0.0639326049559 -0.907351296062
0.184182003844 -0.100416852345 -0.874985292746
0.211285431316 -0.131789571899 -0.843000219401
0.250381045849 -0.151705013549 -0.81434548451
0.295071739706 -0.153932858223 -0.787090239223
0.340644329842 -0.139702054718 -0.765498956894
0.3833786675 -0.122724554066 -0.740289884602
0.420191835908 -0.117487566209 -0.703415164311
0.450265625305 -0.127587085095 -0.661701752793
0.473165650571 -0.147187429378 -0.618672660355
0.489801747587 -0.172788078663 -0.576093820679
0.498353771343 -0.20497718555 -0.535679159302
0.495631759756 -0.244911205906 -0.501924099431
0.48131536737 -0.288976362698 -0.477540815343
0.458347720416 -0.333436699802 -0.462106858634
0.440327438159 -0.377260861899 -0.439788982343
0.411476957349 -0.419903715187 -0.430268490008
0.382488280282 -0.460474841712 -0.414215783946
0.361102095251 -0.494514688662 -0.380549181854
0.35051390919 -0.519585017795 -0.335638214655
0.342331991185 -0.538653086605 -0.28753378576
0.336092434084 -0.551193808425 -0.237050000407
0.341429329767 -0.551157919761 -0.184952579024
0.361286231775 -0.541090549137 -0.137544804405
0.392633227216 -0.522647078987 -0.0998508125262
0.430548897713 -0.499194021063 -0.0723733946884
0.459391106884 -0.480236571779 -0.0329478453065
0.477037260339 -0.467746465183 0.0147704701363
0.49512763498 -0.454280806753 0.0620697430502
0.523327636262 -0.433308425435 0.100925055833
0.560036302318 -0.406765851102 0.127260244889
0.595209156491 -0.381666976519 0.15688275786
0.62765589733 -0.359236358428 0.1913659
0.652092221804 -0.341644816103 0.234230730931
