-0.370076436096 0.493671297382 0.771789499985
-0.421756621061 0.502001021991 0.769937431246
-0.468941876976 0.516328663781 0.752260159085
-0.507169440968 0.53546458179 0.721954263034
-0.552210559811 0.544521630969 0.6965144071
-0.594973275588 0.551313493995 0.666988575248
-0.630004057689 0.562808194875 0.629673960184
-0.648204963622 0.580833736385 0.583819458214
-0.665935079475 0.597844197666 0.537543863249
-0.676535233599 0.612626820577 0.488434626374
-0.691775486698 0.620693145452 0.438998117056
-0.714152153568 0.620678738331 0.391646004138
-0.73879303926 0.614584795946 0.345851705478
-0.764841449984 0.602771478234 0.301992553241
-0.793742597341 0.584408752228 0.262330525128
-0.82460086379 0.563705033462 0.225304514239
-0.858244096805 0.541564112795 0.191819363693
-0.87888720295 0.521526839651 0.148005929346
-0.885675954357 0.504601518611 0.0988894293449
-0.882862464857 0.488478163572 0.0491375732064
-0.869430289234 0.474216357552 0.000534511271992
-0.86979507004 0.450785088477 -0.0464551637226
-0.868287776421 0.428247952166 -0.0937141278968
-0.851627667306 0.41308144711 -0.141001080802
-0.821573948696 0.404333763618 -0.183094929353
-0.783966217446 0.39820202537 -0.219022577518
-0.742614027921 0.391473000065 -0.250465559385
-0.702666940079 0.379231864072 -0.282052230109
-0.653841977548 0.376067286132 -0.300716420553
-0.602029043878 0.382447412328 -0.304970088827
-0.54981458836 0.387684627162 -0.304985396521
-0.50006654088 0.377837913131 -0.318127260683
-0.459422907005 0.35492153301 -0.341939449092
-0.433121218884 0.322198632233 -0.373316516148
-0.422539325155 0.284393887458 -0.407969934989
-0.426945556825 0.245216865192 -0.442449077203
-0.426380949947 0.205425900581 -0.476499809035
-0.408615090516 0.167609032154 -0.508090583025
-0.376341853013 0.135394258404 -0.534101009084
-0.357854980281 0.0967295361035 -0.564179007566
-0.327117070913 0.0627131608585 -0.589481653695
-0.284400882031 0.0377656672202 -0.606659632953
-0.24195386072 0.0119864553177 -0.623387386193
-0.195963719174 -0.00972033157275 -0.635828779444
-0.150031315772 -0.0320498858949 -0.647647013573
-0.0984008119452 -0.0407903258317 -0.648814877969
-0.0466643672519 -0.0380519379511 -0.64119800876
0.00187542433681 -0.0258411504804 -0.625770430103
0.0472728789662 -0.0114485216721 -0.603936997708
0.0865301392584 0.00713271353903 -0.574612976908
0.12591655569 0.02117791353 -0.543042754813
0.172009689331 0.0215184137201 -0.51811994532
0.220746245336 0.00936709331377 -0.503231766707
0.267280668848 -0.00163266455984 -0.48180531296
0.312325420625 -0.0259280184383 -0.47069160308
0.352693132366 -0.0593328564572 -0.471140249083
0.384243116566 -0.0991898193064 -0.483859873519
0.404796443385 -0.13984769774 -0.509765976537
0.433857657343 -0.18019091944 -0.52672433097
0.463090866488 -0.22247523689 -0.536900428632
0.488304381553 -0.267255393341 -0.547091158284
0.519188022537 -0.309141291602 -0.541115803408
0.552502466265 -0.344364307603 -0.521338321585
0.577181293015 -0.389483309999 -0.511429536743
0.59249801802 -0.43950810401 -0.514096449781
0.596821216925 -0.489464670385 -0.529267253853
0.590344732944 -0.53469257011 -0.554899440935
0.585669582466 -0.581801577777 -0.5774255005
0.589616894042 -0.632730870937 -0.589087880733
0.603259583938 -0.68328802544 -0.587408026537
0.624880542069 -0.728474935562 -0.572102845945
0.649620447748 -0.763625389137 -0.542196400325
0.674814788973 -0.785262114252 -0.501714222471
0.697718563007 -0.789690775008 -0.4548363505
0.715488991089 -0.777280184022 -0.407161971677
0.728241350329 -0.761382498385 -0.35891334842
0.73854726065 -0.76223616962 -0.30757450051
0.745013575307 -0.780992511349 -0.259077003632
0.746481360869 -0.787133882855 -0.20701901699
0.742876607088 -0.775832312042 -0.155967788045
0.734205310551 -0.748859843959 -0.111880915537
0.721188634359 -0.71234237535 -0.0766445366471
0.704139629911 -0.672320177468 -0.0473634018773
0.684276269905 -0.638783182348 -0.012105361606
0.663961063537 -0.616060338241 0.0310603526099
0.64326755657 -0.593240553131 0.0735858651876
0.622559614762 -0.574443228595 0.11790511011
0.602196996993 -0.562954133541 0.164801947491
0.580952818613 -0.549808691103 0.210872291928
0.55750989275 -0.523753702996 0.250057140971
0.527448116917 -0.493275371934 0.281080302654
0.499572267478 -0.456336903054 0.306146069791
0.474422123845 -0.413395364866 0.323218745027
0.451607321434 -0.367366461154 0.333897111666
0.428904207413 -0.322414663646 0.34833571877
0.404962192103 -0.28227063169 0.372249786025
0.378886736071 -0.251969072901 0.406187685069
0.353153945985 -0.219629754344 0.438345157578
0.327917391494 -0.189386190044 0.473124279088
0.301955974126 -0.168760838568 0.513773373999
0.274902878908 -0.145080990946 0.551952160259
0.247324081618 -0.113597514377 0.583413188255
0.220989060193 -0.0732892241676 0.604392888143
0.193878488802 -0.0339306950332 0.625831254884
0.166515638066 0.00631799012441 0.645128947487
0.142063212875 0.0519821251786 0.653122982181
0.121240661407 0.100004369474 0.651222437462
0.101790202164 0.148196710573 0.644863319041
0.0866297262678 0.196051595439 0.629962514798
0.0647718993912 0.243422739166 0.624989466164
0.0389982682059 0.288939123606 0.627367184693
0.00812881306462 0.327724291098 0.644242000558
-0.025576022069 0.362879241314 0.663470160468
-0.0590006917537 0.402888587649 0.668400543914
-0.0958635050936 0.440059363804 0.669658808957
-0.138359111547 0.469595055503 0.677704237427
-0.184254638105 0.48831806094 0.694572632293
-0.22939040912 0.492546268056 0.720773404791
-0.270010287664 0.483544339195 0.75256950872
-0.318723396065 0.483354284496 0.771782208654
