0.703108694579 -0.285856215517 0.226052508039
0.745595799532 -0.271464375216 0.198983483285
0.788624564691 -0.273792691748 0.169179131314
0.829191412432 -0.277927935916 0.136337382193
0.8645371175 -0.266462908448 0.0994403201758
0.890330915316 -0.241342384519 0.0614190070215
0.906590970695 -0.203732812419 0.0288189257337
0.912642787061 -0.157467657922 0.00504627063762
0.911028271144 -0.107681916945 -0.0114520744543
0.91549589944 -0.061181008989 -0.0362881647196
0.921045678557 -0.0166777993842 -0.0634818339618
0.932254306772 0.0201557241092 -0.0989908600271
0.947354204832 0.0451635026292 -0.142459388812
0.961753929858 0.0630160431221 -0.189530988401
0.967140014359 0.0873782234377 -0.235739427534
0.967543973765 0.111591948617 -0.282190873964
0.956061271807 0.144440537755 -0.321328207407
0.934393926477 0.183621298712 -0.348504770358
0.906507570313 0.226266521871 -0.360609006756
0.875368823021 0.268176348362 -0.356553865641
0.844364322036 0.305126702502 -0.336170480491
0.815915345455 0.334411726776 -0.303389864445
0.793011993113 0.352715410337 -0.260006727086
0.778147001151 0.358139172217 -0.210091575583
0.772215824803 0.350855281141 -0.158579147844
0.769612270561 0.337893985563 -0.107891981908
0.758422350779 0.333615161317 -0.0569240859486
0.738417525394 0.339380615168 -0.00887635849423
0.711148533801 0.352481970121 0.0339863054936
0.678519583885 0.369668632778 0.0711680389322
0.641811276212 0.386440879275 0.104670892626
0.605839416306 0.395301426936 0.141704284396
0.563795327087 0.408895375177 0.16986951032
0.517270360254 0.428703353468 0.183512764021
0.471165405289 0.453433808118 0.180373403598
0.424322699932 0.475527731063 0.172580850445
0.374056163471 0.490373484265 0.169456945804
0.323569566955 0.502382273128 0.16197110292
0.272213901602 0.508838211528 0.152286224751
0.22338115579 0.521131528554 0.137641899681
0.180556437277 0.539079140191 0.113071631676
0.134332344733 0.554403197278 0.0930728412279
0.0850994694403 0.566950383176 0.0802785361114
0.0340739041878 0.576455874102 0.0729156388251
-0.0161817034622 0.586947988374 0.062067552593
-0.0645484659084 0.599871067556 0.0466677119813
-0.106083475709 0.614549433903 0.017581308585
-0.154638834428 0.61951678196 -0.00151471994704
-0.197792351836 0.623674516539 -0.0310847241916
-0.229873234668 0.628974053306 -0.0722170892202
-0.267396329432 0.626786553272 -0.108672714932
-0.30905997337 0.616395083086 -0.13864297716
-0.35374028837 0.598062992966 -0.158870955826
-0.398452938287 0.573382560971 -0.170675120071
-0.440682265969 0.542714338146 -0.166150745884
-0.480178112701 0.5084200308 -0.163553229564
-0.517802274498 0.471873507334 -0.164081854692
-0.553454939113 0.434353698758 -0.155514513475
-0.588589443417 0.396297403565 -0.147556729224
-0.624742782443 0.358973669191 -0.154087106212
-0.655837198805 0.323545035959 -0.176878590981
-0.683753299034 0.284479741926 -0.198155345025
-0.710905558873 0.242877653999 -0.215490152486
-0.73767735091 0.199662570242 -0.228662436569
-0.764124006487 0.154820971016 -0.23488554645
-0.790233212001 0.109513075234 -0.24013785119
-0.81547732897 0.0643754366862 -0.248593080718
-0.838411688537 0.0221594714754 -0.269713153671
-0.860154725439 -0.0200676927161 -0.291956330392
-0.879322451751 -0.0641712139278 -0.312882053942
-0.894900817461 -0.108956400045 -0.335120443274
-0.906162755766 -0.155104706232 -0.357137478748
-0.913048347261 -0.200994815063 -0.381677825979
-0.919402465513 -0.247255923515 -0.405494504746
-0.926996739617 -0.297750609577 -0.41731784275
-0.93590168604 -0.349175122217 -0.412450979535
-0.943950267346 -0.39609907923 -0.390535343278
-0.947850747469 -0.433991975951 -0.354530430137
-0.947207346733 -0.457403805646 -0.307637783568
-0.941881749195 -0.464195982118 -0.255985205796
-0.932100291612 -0.463552174593 -0.204528984539
-0.918052874161 -0.454265305711 -0.154939057431
-0.901168982812 -0.429595311704 -0.111948969536
-0.881249248231 -0.396207095576 -0.0768728350512
-0.854946303166 -0.37428968625 -0.0371923076433
-0.823884006405 -0.366336362202 0.004316952572
-0.791050204714 -0.373929065837 0.0444018974386
-0.753798589263 -0.376073179581 0.081264665896
-0.713237437322 -0.362405382779 0.111418733692
-0.674104877302 -0.333821389515 0.131238787786
-0.633366578093 -0.304702725907 0.146578847336
-0.586170183397 -0.292173519401 0.165466493993
-0.538375699206 -0.296517801708 0.186399603816
-0.495711436803 -0.316650483192 0.209115221251
-0.463195467432 -0.351171254316 0.231320378423
-0.443503418354 -0.395600950976 0.250840977406
-0.41987973601 -0.439426521954 0.267289714369
-0.38248967137 -0.473567317233 0.280811677463
-0.33501330274 -0.493821990104 0.289753954423
-0.283368210799 -0.498179254454 0.297195037969
-0.232712834554 -0.486321236821 0.303192417717
-0.18092102473 -0.481414223769 0.309481038041
-0.130168561394 -0.469394675726 0.314142460924
-0.0795022535999 -0.456596308261 0.317659410992
-0.0273900098382 -0.458019505202 0.322714705717
0.0235697378218 -0.469051432913 0.327610336618
0.0757295664756 -0.469519005414 0.332191366631
0.127734431361 -0.464194085238 0.336441052754
0.178574051501 -0.451539600063 0.339496326387
0.222805821837 -0.423453075869 0.34006664107
0.266764766402 -0.394988316139 0.33950481451
0.316193215145 -0.377710752068 0.339167682167
0.368532210464 -0.376213309487 0.339679118019
0.418757210664 -0.391017965437 0.338425508201
0.465629660466 -0.413626854198 0.332435654469
0.516102347763 -0.42036378616 0.320122296109
0.564649494964 -0.410695802582 0.302964132932
0.605103023207 -0.384178525057 0.282899021368
0.634487191745 -0.344303552177 0.265908276583
0.659313318644 -0.300599290223 0.25073702024
