-0.338441713003 -0.589929259105 -0.0697207079575
-0.330231073978 -0.618071712466 -0.11311965712
-0.338363381368 -0.642587366091 -0.158685506249
-0.334834800469 -0.663407316438 -0.206606976725
-0.325315504538 -0.679782620505 -0.255417426883
-0.300217970358 -0.690501874877 -0.300096333974
-0.265283354822 -0.695157941171 -0.338811490656
-0.222891836319 -0.693680899709 -0.369502499822
-0.17454933102 -0.686715057003 -0.388398562997
-0.123246440606 -0.67684265804 -0.392008818746
-0.0731387044829 -0.664977286403 -0.382493732191
-0.0225323046469 -0.653417911405 -0.389404234652
0.0237508087316 -0.643166930994 -0.411647547885
0.0626081231356 -0.634784809977 -0.445725047117
0.0924386723533 -0.627408150701 -0.488134220645
0.128400848065 -0.612509987054 -0.523185544456
0.1683917909 -0.591294522021 -0.549520032526
0.212297208011 -0.564249737013 -0.558609958235
0.248974581475 -0.534758414311 -0.581596522434
0.274285313624 -0.505915311721 -0.617254369756
0.290116628381 -0.477621394668 -0.658418143199
0.313550509143 -0.440236651611 -0.686669637636
0.344319795375 -0.400092595078 -0.700286614241
0.379886769533 -0.361713950618 -0.697981987884
0.416441215058 -0.32869820556 -0.680177386821
0.450341715608 -0.304346382321 -0.648533376353
0.482783424005 -0.281115988646 -0.614584490643
0.517209473826 -0.247626041245 -0.593694795303
0.550046149906 -0.207165960553 -0.587771418245
0.577850325578 -0.162926372419 -0.591761361879
0.601504201557 -0.116355686823 -0.595982942073
0.623286643243 -0.0689442294614 -0.590852269233
0.635880923936 -0.0191956769934 -0.601576681737
0.64936158839 0.0308515387271 -0.594001910987
0.661841870965 0.075338991694 -0.569353006759
0.673026628206 0.109657080318 -0.531417709896
0.684042282422 0.129802687461 -0.484340689951
0.69440619611 0.136609125255 -0.433359694038
0.704035838602 0.148220797826 -0.383200512591
0.712707944918 0.169170136344 -0.336000927346
0.719791239072 0.204633376256 -0.298131202303
0.72532146572 0.244692085503 -0.264874121165
0.729794322237 0.285708755529 -0.232628890705
0.733044634122 0.328580874766 -0.202744106146
0.734847867941 0.375108142282 -0.178750811441
0.736774049709 0.415541669829 -0.145543788147
0.738248493852 0.443656055339 -0.101394506851
0.736428226661 0.456576884396 -0.0506798390329
0.730363927425 0.463756464629 0.000851750833148
0.719314284101 0.482030158048 0.0486678442167
0.703347122763 0.505819514664 0.0924958378945
0.683158089336 0.535163794303 0.13089860549
0.658858765939 0.55464261907 0.172995121603
0.631194957649 0.586011501268 0.204510398084
0.602979335891 0.626611624653 0.221783620685
0.577022541916 0.672097062944 0.222804072388
0.555893259792 0.717673050003 0.207886088676
0.530072644923 0.761687952601 0.196151661452
0.494056481014 0.799688377957 0.19671575277
0.451440182486 0.82740770107 0.209241587649
0.406447243852 0.841470611935 0.232024185893
0.364009647242 0.840313193609 0.26266630858
0.329030272197 0.824241903113 0.298155348873
0.30536544657 0.795112968206 0.334664615135
0.295256597843 0.75608669592 0.368076390841
0.279236187718 0.717223189921 0.399306086894
0.248960752395 0.686303369229 0.428794478037
0.206983614491 0.666874946182 0.453339023232
0.163167439591 0.649282780213 0.475966554493
0.129380755747 0.619263578922 0.502394457911
0.0845893755056 0.601522022537 0.523001863417
0.0359336062381 0.590220186054 0.538731372262
-0.0157619348494 0.591844402738 0.546914822063
-0.0648405632303 0.580037948802 0.560877629286
-0.109729758293 0.559300533338 0.578101970776
-0.14445773531 0.526251336509 0.59916003967
-0.16582131782 0.482806557627 0.619105813296
-0.179276530953 0.435020924121 0.635747411737
-0.208122108673 0.392659684205 0.646454662978
-0.248927324294 0.360051894418 0.650047391109
-0.297062696026 0.339898103246 0.645788612705
-0.344609710013 0.319330730868 0.6381966294
-0.382746782815 0.284568999997 0.629309259003
-0.407311177221 0.239269064457 0.620021328076
-0.417023192236 0.188564226641 0.611284735889
-0.40496059188 0.137570592865 0.60423128133
-0.414308620992 0.0892543235402 0.585249360851
-0.411061628183 0.0393152158252 0.569817910514
-0.418245021431 -0.0072397436678 0.54692465019
-0.438435482256 -0.0450705870236 0.516841837668
-0.469392533735 -0.0702940686464 0.482942953897
-0.509772421519 -0.0824720742105 0.451879948647
-0.555124251162 -0.0815168696208 0.425735289126
-0.594872218659 -0.0932478710722 0.393725202801
-0.624736126889 -0.11746932701 0.35817396071
-0.642928409843 -0.151066474658 0.322366112255
-0.659287281631 -0.185170928541 0.286164172083
-0.686634370533 -0.208569625228 0.248119377075
-0.721227901018 -0.220937226468 0.210800225029
-0.759968151613 -0.219306618086 0.175600448085
-0.801673782942 -0.204076322216 0.147855017647
-0.838570500713 -0.195480961893 0.111657439859
-0.868659899269 -0.195302350479 0.0687877241441
-0.889180434505 -0.207463878183 0.0221618446091
-0.899641353696 -0.230506225252 -0.0236929231823
-0.898222969389 -0.263431665419 -0.0644006536913
-0.885226838605 -0.303190867602 -0.0959240629862
-0.861794157679 -0.345935564994 -0.115087861698
-0.830348447657 -0.387548012849 -0.119864371568
-0.792590962936 -0.422624929188 -0.110572001375
-0.751597564665 -0.446739016588 -0.0886599622234
-0.711471601603 -0.457390787409 -0.0567469072711
-0.671149623157 -0.460197057511 -0.023468288838
-0.626870539333 -0.463102749038 0.00433698314158
-0.577931183909 -0.47586397458 0.0179207874443
-0.529326818777 -0.495791657132 0.0182935867122
-0.478261977502 -0.505594851027 0.024866679248
-0.427440901406 -0.517604595484 0.0210277448587
-0.381927306318 -0.535475123323 0.00230998062539
-0.346521180243 -0.559517100373 -0.0278548053806
