-0.141528014757 0.0895702650311 -0.662052544243
-0.147229331957 0.140952671463 -0.653654201028
-0.169102294258 0.186871670511 -0.640953874761
-0.204253713838 0.22290557118 -0.626353920481
-0.249224151797 0.245862567934 -0.612313921093
-0.299977844761 0.250084421794 -0.600035153152
-0.34711325801 0.261002712963 -0.579954126925
-0.384339842362 0.28315830942 -0.550511555255
-0.407539462976 0.314106555404 -0.515183292147
-0.418644895037 0.349887259213 -0.47852215526
-0.44434729102 0.376943354346 -0.441768926346
-0.477843466025 0.388185751116 -0.403099828595
-0.516623590651 0.383454180677 -0.368208759121
-0.549980608834 0.381764921246 -0.327796821776
-0.574381804902 0.392133824635 -0.282555322058
-0.588407104477 0.413542962187 -0.23673535234
-0.599217697553 0.435474395088 -0.190431202799
-0.604411128362 0.458472180195 -0.143680984137
-0.617861317649 0.467357369256 -0.093860280481
-0.637960675032 0.46103850987 -0.045913450465
-0.664130860972 0.443854589188 -0.0038408227917
-0.695738137798 0.418513197615 0.029468438458
-0.729205261221 0.387767324657 0.0563459864347
-0.760275431638 0.363860692797 0.0911569034316
-0.790155020993 0.344567241091 0.129679532776
-0.809689871484 0.340180692794 0.17814129274
-0.815489759377 0.346621792662 0.229830920725
-0.810772422324 0.361811464853 0.279727200005
-0.808788838918 0.372807826956 0.330880941788
-0.805626986797 0.383026936623 0.382186012322
-0.790496925435 0.400566283538 0.429156986655
-0.762594621764 0.424481714201 0.466467514352
-0.724962815147 0.451899307581 0.490437962722
-0.687007741719 0.473108952306 0.519629874559
-0.654811980814 0.482463605963 0.559849171831
-0.630989661346 0.479731728784 0.606392360398
-0.595859072014 0.48049968578 0.645271171931
-0.55039629711 0.4862768539 0.670643104261
-0.499790065474 0.496066068067 0.67998850982
-0.449607777288 0.509015943535 0.672305484129
-0.401402060224 0.520801619461 0.655506152288
-0.349244416901 0.522733433687 0.65113758766
-0.298469963613 0.514161280968 0.660650695739
-0.254500443751 0.496079952078 0.682589291981
-0.222631554394 0.470204891033 0.715094009358
-0.201356022337 0.439506798916 0.751806858613
-0.178337071438 0.404993750225 0.783822414464
-0.144973601796 0.369773493955 0.803733531667
-0.104843574947 0.336272833843 0.808364195399
-0.0610281910741 0.309812426093 0.796737190696
-0.0183004652745 0.284157848073 0.77971859366
0.0250320178417 0.261163379509 0.760795763872
0.0679777502097 0.235342521771 0.745473347378
0.109155612919 0.205426036818 0.733083486563
0.151694284343 0.183102122072 0.712262631067
0.193896081123 0.165058069381 0.687012285603
0.234406721849 0.135989097645 0.670972365738
0.274030963221 0.106036751093 0.654400447661
0.31410420427 0.0823616976574 0.630390792018
0.354114501824 0.0608876098678 0.604072372057
0.388088764999 0.0249705060345 0.586590678824
0.421089488601 -0.0102979706497 0.566314330153
0.455028758829 -0.0383062394574 0.537857683224
0.488276555685 -0.057265500583 0.502130154423
0.518716294212 -0.0636568991491 0.459974046409
0.546315158774 -0.0632424805647 0.415485949615
0.572080820113 -0.0559827434427 0.370464980675
0.590023619375 -0.0396455117417 0.324007018244
0.61085050714 -0.0404657270786 0.275962462113
0.632361578616 -0.0582590758963 0.23165419272
0.653624004974 -0.0898118498548 0.195646374942
0.674681028035 -0.131760974816 0.172348784657
0.693524551921 -0.174883041275 0.14937989226
0.707519520614 -0.2093644419 0.112526567096
0.716238772805 -0.230460986232 0.0653816677037
0.722326964062 -0.266185478992 0.0275523859443
0.724026244436 -0.297159575585 -0.0146262702337
0.721339312765 -0.315252138285 -0.0637448326145
0.716912422241 -0.331757625153 -0.113689103645
0.701318600083 -0.369486631339 -0.146976620832
0.684186941487 -0.409931346548 -0.17573144708
0.66675404504 -0.452688159122 -0.200698317628
0.64859697587 -0.500500301752 -0.212325536208
0.630103737517 -0.549506369984 -0.212274384297
0.613009025152 -0.5970893843 -0.198646813452
0.596045677589 -0.643031996117 -0.180132151262
0.569708147933 -0.687864796119 -0.173941346875
0.536251435865 -0.727839729806 -0.178988399
0.49806305441 -0.759378067875 -0.196036709266
0.458724738755 -0.779016159582 -0.224508510657
0.422134628154 -0.784839725538 -0.261542402471
0.389578827137 -0.778410582784 -0.302133104964
0.366124310423 -0.757305199635 -0.343956084875
0.354739482991 -0.723742989239 -0.382540474674
0.356424625461 -0.681472108109 -0.413451583755
0.373422562498 -0.635348296942 -0.431731546593
0.398245513003 -0.589731026835 -0.438513727269
0.424163115632 -0.54443929606 -0.442794761714
0.436885048172 -0.495451565481 -0.456201728438
0.434177190522 -0.447076189441 -0.47605687747
0.415611109356 -0.403864593683 -0.499076381445
0.383097904296 -0.370353595625 -0.522778173976
0.340158793552 -0.350044766862 -0.544817818083
0.291137335627 -0.345051906974 -0.562541166544
0.241195682289 -0.356071731759 -0.573799191705
0.19404515305 -0.378576875336 -0.577536736628
0.144219246942 -0.394313793896 -0.581828521599
0.0935265576462 -0.407342392059 -0.585681605695
0.0423070689102 -0.417851499243 -0.589192147474
-0.00961887169242 -0.41355848242 -0.594567846242
-0.0574276666189 -0.39336491014 -0.601615367939
-0.0963614467682 -0.359361218089 -0.610028032014
-0.12262404571 -0.31489193709 -0.618730160337
-0.136173146806 -0.265133629528 -0.627852842459
-0.142357590378 -0.213992800972 -0.637298305612
-0.147733117575 -0.162755955875 -0.646880111221
-0.155796148194 -0.111854811684 -0.656781844235
-0.166613281091 -0.0610107895609 -0.66364144137
-0.159248596457 -0.00922551943753 -0.66740265042
-0.135974720229 0.037801916892 -0.667740976301
