-0.753141663393 -0.0541403425664 -0.252547076062
-0.730742733378 -0.0847092020203 -0.216335542246
-0.709589805353 -0.120767511078 -0.184418786384
-0.695044458129 -0.168184443733 -0.167318950815
-0.674872327999 -0.21087046263 -0.144242786112
-0.649550589585 -0.250763559769 -0.121642532271
-0.616311751415 -0.278858808656 -0.0924841559841
-0.578040120812 -0.2962616679 -0.0611991610466
-0.538617569125 -0.323958128116 -0.040332177975
-0.495793056623 -0.348368172322 -0.0220402611669
-0.45201731332 -0.370202871994 -0.00317233597533
-0.409625125079 -0.396274280581 0.0131554210302
-0.372147117595 -0.431982261235 0.0210012918267
-0.344493326521 -0.476274614192 0.0171266489288
-0.326217415437 -0.523876168819 0.00504778194943
-0.309189783324 -0.571458372339 -0.00893221635845
-0.305785848744 -0.618015522712 -0.0328489269884
-0.290857505395 -0.663170172495 -0.0549824663368
-0.261872417367 -0.70544166208 -0.0664255846513
-0.222278963068 -0.739762612452 -0.0678196902922
-0.174584592137 -0.760404695685 -0.0612615015972
-0.12402653774 -0.768617422491 -0.049852624427
-0.0732546047283 -0.779610029138 -0.0410111008933
-0.0216470925865 -0.78555584534 -0.033523371569
0.0295055156384 -0.786690273483 -0.0215498973628
0.0823232919083 -0.788592619477 -0.0177549069828
0.134447706879 -0.793122448382 -0.0109397333968
0.185743160437 -0.798903860577 -0.00165390088857
0.236836461269 -0.807639499864 0.0069509928736
0.287391615795 -0.819833524762 0.0137405388885
0.33809794471 -0.832128143858 0.0196255044147
0.389005174029 -0.841763264536 0.0272061179971
0.44005151302 -0.849807100857 0.0356629921698
0.491040220701 -0.855323030206 0.0466725129141
0.540809499892 -0.85536588974 0.0653130101252
0.589003975258 -0.853827221055 0.0859292913632
0.634406469969 -0.849260594703 0.11176165315
0.679432924873 -0.844305578222 0.13834592751
0.722499757457 -0.836891530282 0.167874449516
0.757618943303 -0.821652097347 0.204541332701
0.783413680912 -0.79045626505 0.237820766761
0.802251248811 -0.755191181876 0.272129943938
0.827678620356 -0.722965436872 0.304688149196
0.852346355112 -0.687115512638 0.333872159208
0.877967810721 -0.647852280947 0.358665707203
0.883038037539 -0.601559796707 0.382813668214
0.875741347954 -0.553838950411 0.404183896943
0.880004977 -0.504146879337 0.42035055504
0.88030191814 -0.45220204481 0.429798044857
0.88236410529 -0.399995983746 0.438401413356
0.890146922632 -0.348279072996 0.442922456805
0.897702480735 -0.29647067383 0.448088280087
0.895916148729 -0.244186928278 0.451228040327
0.882116336078 -0.193551059879 0.452441908964
0.858814041853 -0.146604988341 0.451091224901
0.830593939165 -0.102391270221 0.450407039999
0.816735581397 -0.0518284878601 0.453158074034
0.819619192146 0.000458755769088 0.458544007055
0.810128074731 0.0523013489286 0.463187616253
0.790396830209 0.100848191071 0.460313635299
0.776359406848 0.150655258382 0.452278586982
0.762720300561 0.199788161012 0.440377157209
0.741925329381 0.245705208151 0.426215100311
0.717795520481 0.289440254871 0.41017008761
0.695834725766 0.334578137752 0.394896122335
0.680196603034 0.382543413549 0.380785700257
0.653817654002 0.425121470761 0.36538377998
0.617098455481 0.458239455304 0.348076508851
0.574810221976 0.483739911494 0.330637635918
0.52967840503 0.503593372329 0.312869542192
0.487489458286 0.528762567061 0.294576201799
0.451100189546 0.561474678472 0.275418656805
0.414073505675 0.592507061865 0.255236437882
0.372260653509 0.616522114319 0.234700109604
0.331013594074 0.641768541686 0.214581647611
0.292912758423 0.6721382222 0.195158925233
0.258321673531 0.704068241383 0.171442952555
0.216417748626 0.722854555981 0.146103315515
0.169189733633 0.729055222688 0.124170190125
0.121745381097 0.732525880528 0.10219375951
0.0768037817991 0.74350443307 0.0770477298327
0.0327624935408 0.756139376066 0.0516806476529
-0.0114103261572 0.768820471624 0.0263887351874
-0.0573745409335 0.775770435889 0.00213425752274
-0.0974798145561 0.79630934633 -0.0247046537657
-0.141589529703 0.810427776549 -0.0493514549744
-0.188949216419 0.819058484499 -0.0703139796329
-0.237648750721 0.809811688573 -0.0871961525418
-0.283499237598 0.787266137413 -0.0989009167475
-0.33045761916 0.767925607748 -0.112214822302
-0.375906834828 0.744860366356 -0.124621048566
-0.421756297209 0.723893324827 -0.138825334773
-0.467434107755 0.711083659327 -0.161110619456
-0.509459999949 0.691623126778 -0.185557199933
-0.551356771729 0.669795868088 -0.208414406569
-0.59190319296 0.653970658907 -0.238325379095
-0.628657896476 0.642537137343 -0.274049197253
-0.659685388282 0.646294931118 -0.316127425721
-0.680409393069 0.666684062737 -0.360075277489
-0.69850139329 0.681877281912 -0.40740101084
-0.717918954682 0.68086261201 -0.456073991464
-0.739902106314 0.665534249115 -0.501104512803
-0.762220137321 0.648635878174 -0.545437849874
-0.785618903789 0.623693901269 -0.585196479514
-0.808263821252 0.588250433685 -0.61662284643
-0.828721652044 0.545073284738 -0.638406028761
-0.845343355589 0.495588878036 -0.644007757207
-0.859189404353 0.445177115861 -0.63986417043
-0.87397224794 0.39493756315 -0.638019036249
-0.881808407685 0.343685721292 -0.630489215649
-0.88125827855 0.294576682355 -0.612263690331
-0.877710527586 0.248990045109 -0.586690552278
-0.868824936642 0.211708342864 -0.550988146558
-0.860416736564 0.172196251307 -0.517662297788
-0.851118866791 0.134424857314 -0.482198467598
-0.841540007003 0.095010598791 -0.449023577075
-0.82747671472 0.0615498437923 -0.411191214739
-0.810103471518 0.0332165599451 -0.370278103299
-0.79209154109 0.00531210657458 -0.329499696796
-0.773137317865 -0.0234968045944 -0.290089641994
