-0.837866891138 -0.15762058615 -0.358120882744
-0.857999070368 -0.202662604377 -0.376291007516
-0.879439415898 -0.249699001322 -0.385495296893
-0.896006248328 -0.299337234939 -0.391086601118
-0.909958030728 -0.349815179948 -0.392022040138
-0.91906358637 -0.401521685248 -0.390238000013
-0.918121801495 -0.454160588143 -0.391794680394
-0.90967422679 -0.505999171491 -0.393218176788
-0.888606205647 -0.55343479722 -0.400806535332
-0.855242717398 -0.591191996963 -0.415390552063
-0.813115179373 -0.615598833886 -0.434924007506
-0.76660630571 -0.625338261401 -0.457084028207
-0.719432450668 -0.627946743938 -0.479674396889
-0.672724886804 -0.628988597382 -0.503342474996
-0.625199107447 -0.635196607725 -0.524594409183
-0.580014454838 -0.625934743114 -0.549502898639
-0.537397430877 -0.609823150888 -0.57609543766
-0.488388910691 -0.612155321493 -0.594567945226
-0.439081865779 -0.628322473699 -0.601768460105
-0.394544570123 -0.6558114309 -0.598252995659
-0.357624123548 -0.690954036782 -0.585016763915
-0.31426371896 -0.71729141753 -0.571170559347
-0.267180166275 -0.737276416242 -0.559747603919
-0.215266559446 -0.74271325696 -0.554964578623
-0.163272011053 -0.742181551714 -0.548566361515
-0.111815155137 -0.739406555439 -0.538877154032
-0.0614531520255 -0.742036711527 -0.524689209382
-0.01369502573 -0.747356728015 -0.503811480724
0.0314521050768 -0.752392445873 -0.477673180166
0.0770067222335 -0.747351748337 -0.452294288722
0.121272174945 -0.736369979868 -0.425856956708
0.162496765814 -0.717055478062 -0.399935909298
0.200744719277 -0.696510253268 -0.370640143325
0.234533130123 -0.68135315909 -0.333406889068
0.262371063533 -0.680204561166 -0.288910999694
0.290280992346 -0.66234675658 -0.248262844114
0.316853566468 -0.647160529384 -0.205671512757
0.344708529501 -0.616817090081 -0.173297919843
0.37190523236 -0.57764749602 -0.151460270118
0.398526004915 -0.537974450217 -0.130002983492
0.421766106516 -0.491525080359 -0.123220981285
0.438778669121 -0.442767803989 -0.131954863772
0.459715274163 -0.394957836047 -0.127750629291
0.477151635045 -0.345580102753 -0.129580261809
0.495108468251 -0.297242935726 -0.120154891517
0.515607210529 -0.252625963808 -0.101836770553
0.537962623039 -0.211053360598 -0.0791364533562
0.562178872361 -0.176647863128 -0.0479500371596
0.587396464768 -0.150503145489 -0.0102190037405
0.611406571979 -0.136231594327 0.0340656434127
0.636027828032 -0.112751053307 0.0738616175194
0.660298843469 -0.0863420477708 0.112003806633
0.682803169117 -0.0739477441358 0.15762178363
0.705541525446 -0.058789544708 0.202278719749
0.726089593815 -0.0551030263267 0.250293949708
0.743478627627 -0.060456531566 0.299389717743
0.764131086828 -0.0499022857421 0.346335855502
0.786631930071 -0.0244273177374 0.386178309909
0.807366573368 0.0138837863984 0.415232893553
0.824993111093 0.0602980046141 0.431896382509
0.84045618449 0.107166156974 0.449461665804
0.852444815803 0.152661315127 0.472530992196
0.861521549057 0.192216212172 0.505642351717
0.866539218752 0.229619908375 0.541994322501
0.865238203009 0.276634066851 0.565730789063
0.8577268363 0.325669128143 0.582691116093
0.846361422503 0.371670545631 0.60512996906
0.830327492545 0.416570528633 0.626814711951
0.808899688229 0.463260318139 0.637009875794
0.783929477868 0.509005844617 0.631926513161
0.757656813298 0.549962538808 0.612576185664
0.72687159843 0.589571904762 0.597280744643
0.691606651112 0.627725691697 0.590176932485
0.653122998411 0.663156314608 0.592446088158
0.613369255211 0.69415329441 0.606652559584
0.570173895704 0.721940467994 0.617219714892
0.524510228567 0.746108701783 0.625722386278
0.476767483652 0.766607398973 0.619178158732
0.431857574319 0.781488483683 0.596747449295
0.388263242158 0.791368198923 0.569466809994
0.353320094664 0.793945328613 0.530470062282
0.330937718539 0.789178136121 0.483315091298
0.322722354077 0.780387531492 0.432316267044
0.298839539413 0.775403537743 0.385944892411
0.26384769603 0.768533969573 0.347486008543
0.222243088446 0.759727708517 0.316751234001
0.172853280306 0.7513859696 0.301290366322
0.12284306962 0.740971031088 0.288875577389
0.071175080856 0.732739416363 0.285563528082
0.0203690201333 0.720174130508 0.289080575641
-0.0287789288178 0.702883604646 0.283369065687
-0.0791418557959 0.687438116156 0.284473234352
-0.122680011848 0.664843182528 0.265550383848
-0.16913991279 0.643258882228 0.254425962307
-0.211694150982 0.618724682649 0.236179324227
-0.253972215466 0.593367443481 0.218038093624
-0.284695347021 0.565326815817 0.185924483255
-0.308245201077 0.536764354425 0.148899101452
-0.341963557746 0.507219009384 0.12185700374
-0.383597828531 0.479035751884 0.107178621107
-0.422198141074 0.448937570911 0.0885385354631
-0.461983909332 0.418692724516 0.0729168518785
-0.506221449682 0.391306353189 0.0665782800226
-0.55423900905 0.371283580446 0.0737716487439
-0.601647419944 0.349296932443 0.0771780158773
-0.64625062556 0.32202087212 0.0742434271406
-0.683370007475 0.289054839789 0.0575857560651
-0.70887533653 0.254184528273 0.0279924339545
-0.720856115832 0.221045539881 -0.0107445914172
-0.718279422355 0.192886896382 -0.0548353245159
-0.702394047933 0.171906608358 -0.100126260136
-0.671642657332 0.160572519852 -0.140977423984
-0.651465646641 0.138813933733 -0.184152011193
-0.645258669963 0.10766908671 -0.22582081098
-0.653815826443 0.0700463388969 -0.261273504045
-0.676026445633 0.0305237774754 -0.287551138186
-0.709370207223 -0.00697924193833 -0.302762178991
-0.750475343607 -0.0392300694469 -0.306608974142
-0.785761203958 -0.0762251099271 -0.318031930631
-0.816286998445 -0.114040225898 -0.338135366152
