0.825193728805 0.37073694888 -0.221520289876
0.806869800796 0.362490615564 -0.26992495024
0.781558713243 0.358402761992 -0.315846880987
0.744811506862 0.368185599616 -0.352316825964
0.708152070122 0.369728227464 -0.390576103972
0.683093169179 0.353389864962 -0.433554896868
0.66266490031 0.328801538715 -0.475085878632
0.638850457869 0.30276465512 -0.51376573731
0.601772478888 0.285153844912 -0.546275506039
0.556902344107 0.274640341835 -0.571176879601
0.516550258755 0.254206466249 -0.597660090494
0.486553225961 0.223370995982 -0.627512996703
0.469604306229 0.18444800591 -0.658158056518
0.464035596718 0.141330372237 -0.687362637265
0.447217091948 0.101180211344 -0.716504115364
0.423684221181 0.063722131399 -0.744526305875
0.400289362478 0.025625832218 -0.771772801249
0.378264201482 -0.0134686812376 -0.798754949247
0.37016056484 -0.058076463543 -0.825040203891
0.359033300193 -0.102140688519 -0.851107782949
0.336057162401 -0.141013265667 -0.877929684179
0.299120853215 -0.171836151117 -0.89886828202
0.252548537655 -0.192535126405 -0.91127613497
0.20099367756 -0.201749766588 -0.912337072923
0.149656691608 -0.197350010084 -0.902894432893
0.100935205105 -0.187450557012 -0.88603537792
0.0517055033157 -0.186231819918 -0.867741028806
0.00384741037363 -0.201562198976 -0.852190006944
-0.0383566165551 -0.23089838063 -0.840062020878
-0.0713750941696 -0.271470714136 -0.837429409135
-0.110188139818 -0.305470720797 -0.82813641859
-0.154535349205 -0.32688695351 -0.810117673015
-0.200350488654 -0.333320127683 -0.785440101786
-0.242784382791 -0.324395556366 -0.755964219749
-0.27813126142 -0.30136512026 -0.724800324149
-0.312799081701 -0.278224844272 -0.693092560271
-0.350635609493 -0.261705845339 -0.660737759783
-0.391215729603 -0.253820889181 -0.628595233723
-0.430627855203 -0.244177968809 -0.595432422971
-0.469559747726 -0.234580419065 -0.56166147498
-0.499005459882 -0.208625953065 -0.526987595873
-0.515506804585 -0.169706402172 -0.496084772435
-0.520652876043 -0.124355844387 -0.470402194864
-0.538267655408 -0.087760701535 -0.43736004124
-0.56668801086 -0.0640924638131 -0.40030408392
-0.602711799681 -0.0551024910068 -0.363390862486
-0.642739155017 -0.0615955977285 -0.330270236152
-0.683574478416 -0.0828506495923 -0.305107071341
-0.722925632491 -0.0865329551152 -0.27070719553
-0.755515178457 -0.0733789593885 -0.231854010133
-0.778998549152 -0.0473110489741 -0.192988534789
-0.809033603299 -0.0363998330054 -0.151511679924
-0.841840426131 -0.0421838151346 -0.111117345514
-0.873846718962 -0.0650925289953 -0.0765831566253
-0.902632364141 -0.0862575331023 -0.0382697749881
-0.92582156154 -0.0983843116838 0.00712930144338
-0.945220373086 -0.116194484671 0.0524923183445
-0.960855147737 -0.146587318931 0.0921874673061
-0.968742882748 -0.165184238769 0.140520009608
-0.968363922589 -0.169033479513 0.192770051492
-0.961012460516 -0.165191185166 0.244482842953
-0.947643705277 -0.158852313584 0.294769269797
-0.927609920887 -0.137167116479 0.338066746391
-0.903400139466 -0.100413486173 0.366822174678
-0.885691435204 -0.0522883489967 0.37920406934
-0.861799484691 -0.0154601931 0.407770662863
-0.833302035537 0.0147966816952 0.439937997937
-0.802622744863 0.0514135068988 0.461496463021
-0.767109317694 0.0734689565672 0.493440196829
-0.732677274038 0.0742520507559 0.53306085408
-0.700625658667 0.0615131711551 0.572631668778
-0.664638665091 0.0491702333997 0.608737321947
-0.625170564284 0.0358773733383 0.640695029789
-0.584251300701 0.0181177303725 0.668153356641
-0.53838018324 0.00481642952902 0.68985235255
-0.494727902461 -0.0137180087095 0.712049348655
-0.452804298435 -0.0364106960433 0.734032827651
-0.417705479776 -0.0692416105082 0.754968587603
-0.384206879074 -0.104248260381 0.774937435365
-0.351337073 -0.140573910645 0.79346384656
-0.310994089764 -0.169267983894 0.810520167657
-0.263839458873 -0.187006459823 0.824801522865
-0.212149248895 -0.191082664231 0.832176656299
-0.160272211986 -0.18384584985 0.834010854437
-0.10788636938 -0.183257383226 0.832632734688
-0.0560174918605 -0.190361121008 0.831730793645
-0.00399704363152 -0.19717754481 0.829630036391
0.0476099210865 -0.19031785004 0.823495705825
0.0941781366126 -0.168456268592 0.81344999544
0.131892271522 -0.134331104872 0.800881915939
0.171961990847 -0.102974323417 0.787919633251
0.219128329791 -0.0829603401054 0.776926694726
0.266896694347 -0.0643334559468 0.765467014676
0.304763259229 -0.031460545227 0.750131112848
0.347928104105 -0.00817598727521 0.731719868425
0.394274783054 0.00775507457264 0.71327604586
0.44371298564 0.0123324505274 0.696598862502
0.487210085 0.031075467924 0.674251202494
0.519469169237 0.0618686368209 0.646746146995
0.553392020563 0.0892494740199 0.617665359657
0.590390436196 0.111898515641 0.588229055253
0.630353883721 0.128947461472 0.559009558615
0.669246262302 0.146778106123 0.52880138683
0.708291053753 0.163048333073 0.497935253016
0.750032257577 0.172587683005 0.467796762693
0.790294075099 0.179440815373 0.435029676906
0.828536709175 0.183322384735 0.39941912115
0.860753883189 0.192288601214 0.359102247764
0.883496458848 0.210135402845 0.315391898244
0.908152280638 0.217830301415 0.269767509511
0.92029309273 0.237325598596 0.222662045136
0.918709377234 0.265795491992 0.178724420185
0.902709571372 0.300733686347 0.143128181959
0.875377551677 0.33778414422 0.118136419252
0.853576663188 0.366799853266 0.0803566238463
0.842103015383 0.386016171646 0.0329816005622
0.841636819339 0.392725607033 -0.0189637900331
0.852370641758 0.38401238603 -0.0694999499698
0.854666467409 0.376574068735 -0.121372650197
0.841839801034 0.377006627064 -0.172215812423
