-0.125300464335 0.644742138477 0.38606793229
-0.133541515155 0.619619128943 0.431264231206
-0.12385421599 0.592131759942 0.474882369338
-0.116861880759 0.559611338326 0.51567360399
-0.128307255228 0.523185546804 0.551821091739
-0.153650648299 0.488864234724 0.582176124466
-0.180712900362 0.454688710855 0.611365392252
-0.204466452421 0.417809450345 0.640093248098
-0.220176792048 0.376527399802 0.668210776094
-0.248577619093 0.335768734188 0.684858138999
-0.287944333562 0.30171820473 0.690691373293
-0.332945221283 0.274902709204 0.69036857792
-0.365033405582 0.234059469556 0.697180181005
-0.381634734324 0.185607082999 0.708392034196
-0.395210868111 0.135631325912 0.716274460859
-0.392362151302 0.0843682914518 0.726671875184
-0.372874456498 0.0371741049481 0.738377050515
-0.338889131722 -0.000930674151011 0.750078842616
-0.294018054326 -0.0258558229181 0.760542516776
-0.244611775711 -0.041817890036 0.767933359147
-0.192587046918 -0.0472467554023 0.771330414008
-0.140302885061 -0.0523495265683 0.770289040965
-0.0881777969086 -0.0511348391685 0.765476290478
-0.0364531548036 -0.0549671356073 0.757243579979
0.01387146263 -0.0421316343039 0.750074259007
0.0576937720585 -0.0139639904305 0.744792949374
0.0986944254482 0.0182614460516 0.739324661058
0.138408580206 0.051220158017 0.729774123801
0.182985141604 0.0733852665739 0.71352440408
0.227956112416 0.0896081884339 0.692041664176
0.273212779366 0.0904131421363 0.665579817301
0.315057380114 0.0756937148735 0.637566847163
0.352866047868 0.0539546165582 0.608168707274
0.379453747014 0.0168756312901 0.582465268204
0.40158249996 -0.0215025192184 0.554469814359
0.428925821105 -0.0462667429972 0.517274226793
0.453587694476 -0.068178364246 0.476609342953
0.476334673731 -0.0847061775142 0.432384806042
0.496896469192 -0.100766427526 0.386984802713
0.509430319796 -0.131299684933 0.346340413138
0.519212752483 -0.164931985597 0.307424597684
0.526970507241 -0.199612892542 0.268975713799
0.526692213387 -0.240567100932 0.23634299726
0.520710404896 -0.284300294251 0.208159554755
0.503513405817 -0.330787032552 0.191279462038
0.476832840995 -0.375700437314 0.187801686631
0.448012367995 -0.418514947239 0.178998766505
0.415592402697 -0.459511307649 0.17581408494
0.387504322313 -0.500360128998 0.158944609139
0.367269734396 -0.537184974324 0.127704910079
0.356940651631 -0.566502600426 0.0855738782799
0.352962393972 -0.589446950374 0.0386616874267
0.349763133709 -0.610442207103 -0.00919281081211
0.339985610312 -0.635768877177 -0.0539580282682
0.327392240588 -0.662203871315 -0.097408527232
0.311498040838 -0.685620533659 -0.141508430582
0.300199944751 -0.699659925373 -0.190725540608
0.280125937374 -0.71509106652 -0.236573201809
0.24758270786 -0.734627752751 -0.272693581414
0.205324916443 -0.756849670661 -0.294304107099
0.158121191454 -0.778881933722 -0.3004002739
0.109374223265 -0.797614148683 -0.295613932914
0.0587137882176 -0.809518388644 -0.301728938473
0.010660095691 -0.81245262801 -0.322372375597
-0.0328356379624 -0.807047029872 -0.351120484685
-0.0684374056311 -0.797698366492 -0.388542299046
-0.0990240924452 -0.78341610219 -0.429086015993
-0.128979224732 -0.766863387106 -0.468724333133
-0.162894252679 -0.749165579377 -0.504553870841
-0.199925890723 -0.728027735386 -0.535567653798
-0.236870999195 -0.702058174674 -0.562112439143
-0.276104248285 -0.672604776333 -0.581814456198
-0.323112928862 -0.64229432395 -0.587220992482
-0.349503972872 -0.602695980077 -0.609984761736
-0.364355414673 -0.559361690327 -0.636354075455
-0.357241936714 -0.519250763213 -0.669592335825
-0.341660823679 -0.48029512484 -0.701181450995
-0.312453982772 -0.44718107328 -0.731999505754
-0.294446561846 -0.403784539171 -0.756212846412
-0.281976746834 -0.356174757343 -0.77445235911
-0.26931753407 -0.30659753882 -0.788553425597
-0.244310728259 -0.263153939657 -0.804034640217
-0.223700903963 -0.21587581709 -0.813121881426
-0.216725845207 -0.163910741187 -0.813483193985
-0.222240077652 -0.112479418937 -0.805302146064
-0.229847479051 -0.0623749177981 -0.791978224865
-0.23733690449 -0.0136951480411 -0.774148950362
-0.242765925524 0.0340196609849 -0.75326616253
-0.244052277175 0.0821452918808 -0.73255040569
-0.230216309728 0.130091818597 -0.716644432612
-0.212519851969 0.177003093495 -0.701474458999
-0.185714459687 0.220749906418 -0.690132815164
-0.1730346523 0.268018568027 -0.671354434852
-0.167894450756 0.315092304249 -0.649002876067
-0.159929485371 0.362024803032 -0.626991048386
-0.150094597545 0.40847572363 -0.604862843413
-0.130879494989 0.453567435616 -0.585975520183
-0.107989440129 0.497946819792 -0.569154680295
-0.0771866866493 0.536956126221 -0.552478413107
-0.0404910849658 0.57074721381 -0.536203808242
-0.00702631057 0.604723300804 -0.514367108996
0.0176389817439 0.638430169562 -0.482768210141
0.0301488194584 0.670589163929 -0.443312778992
0.041590330269 0.699353133247 -0.400989863377
0.0614734266595 0.723356294393 -0.358794908729
0.0683237148473 0.744547872515 -0.311399145259
0.0587022322823 0.761319012234 -0.262734360011
0.0344350909864 0.771919646816 -0.217557106421
0.0130240621674 0.778511628787 -0.17018706516
0.00765828830751 0.782554620126 -0.118245433744
0.0170340154396 0.783406060802 -0.0667287158726
0.0309696685748 0.779576120459 -0.0162791820706
0.0407402849354 0.770806569866 0.0344629602937
0.0410214764326 0.757301684165 0.0851147445609
0.0237415627731 0.742856270589 0.132420455837
-0.000439064359099 0.729085918465 0.177066792606
-0.0273821458439 0.717248174911 0.220518175075
-0.0568504678667 0.703902519029 0.262100102959
-0.0914318607295 0.685700360785 0.297412784452
-0.116717791629 0.667427683618 0.339661292974
