0.476280885476 -0.565960729831 -0.376080397644
0.505973038036 -0.537982889368 -0.40896759199
0.528802369117 -0.497190423862 -0.432742784607
0.54777573589 -0.456005933525 -0.459165911197
0.563207945975 -0.422654646945 -0.49680854283
0.576449741058 -0.399575272475 -0.54202918504
0.588439318748 -0.392038967944 -0.592534199989
0.600543268141 -0.384313993144 -0.642905488084
0.612104243643 -0.380299151892 -0.693955775292
0.619769253437 -0.368220939668 -0.745325890291
0.622349967682 -0.369178261018 -0.797627612418
0.621468301786 -0.365571461317 -0.849942573272
0.617966016258 -0.344609950909 -0.897808472249
0.612050123323 -0.309539054483 -0.936250837002
0.603255910677 -0.264133626747 -0.960828877703
0.591853455702 -0.213643033847 -0.968853221217
0.579413153944 -0.163969836207 -0.95717191854
0.563208429662 -0.117941962419 -0.937953172112
0.546685625783 -0.0731987500302 -0.916356284142
0.532909098271 -0.0316923394591 -0.887499988939
0.516870731149 0.0109971627779 -0.861347737001
0.495266097542 0.0532312426107 -0.839125623308
0.478652467121 0.0903098108429 -0.806100625786
0.466074820366 0.121671445299 -0.766056866374
0.45463662152 0.149937441879 -0.723317495471
0.445154479785 0.174411659645 -0.677900705979
0.440435898594 0.191262867969 -0.62854750158
0.43467297131 0.207819394368 -0.579136816957
0.424286003755 0.229189471948 -0.532472228179
0.419734951941 0.240995578077 -0.48162794398
0.421666303553 0.242743171827 -0.429331568331
0.426537347249 0.238469133273 -0.377365418038
0.427925892372 0.237393487785 -0.325029795757
0.426017723179 0.242154330873 -0.272905185908
0.422851490461 0.246214668129 -0.220761382888
0.419433903945 0.238531918966 -0.168937631555
0.407650175553 0.235339715941 -0.118015044677
0.384018077452 0.243207736752 -0.0719583513926
0.349878706911 0.26055112314 -0.036227116536
0.309329837527 0.286121056092 -0.0150375534528
0.266664779624 0.307146738514 0.00727580514941
0.222819170954 0.317712245612 0.0339121572221
0.178706195625 0.328126400486 0.0601207962688
0.137861581933 0.328681330555 0.0929276899189
0.0915568938187 0.34067799878 0.114261246024
0.0447728343355 0.362605970925 0.122835374389
-0.00187266039925 0.386453618705 0.122776581325
-0.0455111827877 0.414481534912 0.115365408279
-0.0933954908161 0.435434653161 0.118618238661
-0.142253664556 0.445739487502 0.134378862875
-0.188233929658 0.446558375667 0.159406131829
-0.229081545886 0.438729876478 0.19120984335
-0.259405635806 0.420245645503 0.229688538506
-0.283092420278 0.396886103006 0.27030901869
-0.305408706111 0.371988435694 0.310626137925
-0.330409980455 0.346994114426 0.349448616512
-0.368603526051 0.331273898725 0.381691602849
-0.416296078253 0.327339528732 0.403075674859
-0.467350757114 0.333823348833 0.412994570284
-0.518574869447 0.34318744019 0.418874927031
-0.566188940477 0.364752458959 0.414008115221
-0.611603725758 0.385182483312 0.397783606827
-0.650929195126 0.406961130569 0.370793232117
-0.677672128258 0.43007314642 0.332063551644
-0.713629483045 0.443900435589 0.296597516062
-0.755038634709 0.45024164798 0.265184405727
-0.801680479629 0.451911731456 0.241417866422
-0.852653392171 0.445480425775 0.231204576139
-0.902873039353 0.431272122334 0.235565448
-0.947490388243 0.411281806 0.254333127855
-0.982094210107 0.387588438085 0.285691748615
-1.00181212294 0.358475035688 0.32451579902
-1.00469241162 0.327474524115 0.366641670204
-0.99069985725 0.298464277334 0.407954521331
-0.961091108779 0.27412778447 0.443654456161
-0.918967285188 0.256717602552 0.469437786452
-0.871010870847 0.243829213854 0.486369351361
-0.83233390384 0.21416440504 0.506237433309
-0.785946711547 0.192368013573 0.517122372359
-0.734541453397 0.182647867942 0.519920957547
-0.687593962976 0.16163256958 0.530890350326
-0.640724556611 0.14073468953 0.541308808011
-0.594528099338 0.119030824172 0.553102844837
-0.546550560936 0.100247373046 0.562461480651
-0.502542182212 0.0747592748438 0.575104911785
-0.451902899004 0.0619016755132 0.578519875085
-0.399619141583 0.0597758558325 0.57404080243
-0.34890262273 0.0672630304071 0.5631869789
-0.296877081545 0.0626887950534 0.559208536734
-0.248140898872 0.0435729511693 0.558337977192
-0.205964403777 0.0126220826212 0.560490865715
-0.163521269748 -0.0178916936423 0.556584146392
-0.133389921855 -0.0606930044835 0.558116706111
-0.0963027379493 -0.096367414286 0.548449382696
-0.0570374984177 -0.125670758076 0.529995214709
-0.017994928808 -0.150094857359 0.505080516982
0.0181428148845 -0.176196481282 0.4774664848
0.0458011872883 -0.213554936102 0.453325214757
0.0655013502449 -0.258962432008 0.436256588537
0.0844963817454 -0.302241032097 0.413650099532
0.0955358552543 -0.348899269604 0.392525263223
0.0938956351398 -0.399568658466 0.379350275387
0.083101809423 -0.450382444413 0.372644130092
0.0779988836704 -0.498394695125 0.352248310407
0.077003768538 -0.541521603879 0.322528007071
0.0860343307159 -0.575087025836 0.28335233803
0.104181102896 -0.595953710719 0.238875773256
0.130102165301 -0.602006900309 0.193769530275
0.160480843127 -0.592967372878 0.152076623206
0.190586102629 -0.582313944566 0.110546016465
0.213146879695 -0.584898074883 0.0632528382117
0.234354817064 -0.594271504763 0.0162578967042
0.259330764073 -0.599223840913 -0.029529432075
0.285523365436 -0.602804655949 -0.074901004839
0.31312890245 -0.603063649279 -0.11941261418
0.341023245428 -0.599706721479 -0.163648602473
0.367754533788 -0.598324287901 -0.208823756919
0.392474570025 -0.600303086462 -0.254966458631
0.416081000437 -0.603844645902 -0.301618134613
0.444370406832 -0.592852909661 -0.344388231392
