-0.516631253186 0.0952431168191 0.367068578768
-0.537386854245 0.0476869929337 0.360000252718
-0.559250296429 0.00199820962652 0.34646687461
-0.580640249412 -0.0433893097318 0.331474192906
-0.602482321962 -0.086567269603 0.311357819232
-0.624561314112 -0.12779758474 0.287645750729
-0.645772769449 -0.169497628467 0.264123577949
-0.661576222254 -0.215351294183 0.244402413327
-0.674220444704 -0.258610551029 0.217741492149
-0.678830010208 -0.309367264558 0.205653532717
-0.674278993955 -0.361560919735 0.206047636018
-0.662925320255 -0.412501105762 0.21077799622
-0.64491375507 -0.460838567554 0.220299349389
-0.622274264932 -0.507067343104 0.230636464178
-0.600473399091 -0.554741599447 0.233183439403
-0.576601763092 -0.601429834443 0.233460333051
-0.558647620283 -0.648145590911 0.218068902319
-0.547359958839 -0.689615546196 0.188157223966
-0.542574063571 -0.723426562997 0.148207346351
-0.531145779527 -0.762790221716 0.114829029779
-0.511026055873 -0.804429761962 0.0901365561164
-0.495545377337 -0.841731302024 0.0567860274209
-0.487326237885 -0.871753564078 0.0146616204339
-0.480024129658 -0.896072970557 -0.0313190133858
-0.466241221439 -0.920079607602 -0.0759023404711
-0.451020045237 -0.938928983411 -0.122340558712
-0.436111773629 -0.950779047307 -0.171129484635
-0.418341432049 -0.958689677191 -0.219761963029
-0.391499817506 -0.969216107095 -0.263480955676
-0.356505219448 -0.98190461322 -0.300296493014
-0.315492813823 -0.996010977171 -0.329690083577
-0.26854714932 -1.01612561344 -0.34222794488
-0.219751121897 -1.03493618835 -0.346118134372
-0.170741526539 -1.04165706587 -0.363414841456
-0.121425820128 -1.04129296818 -0.381062757064
-0.0751241217288 -1.03021601539 -0.402982308862
-0.038966066175 -1.00573953872 -0.432062186997
-0.0167279857377 -0.974276234315 -0.467692122978
0.0131919911501 -0.942227065484 -0.496320485916
0.0334299534424 -0.904604837767 -0.526626665939
0.0620426363113 -0.86706067606 -0.549302588748
0.102155257602 -0.835011741176 -0.559580739504
0.144313233551 -0.804100341243 -0.563255902979
0.180594512859 -0.766436455696 -0.5673054452
0.201586627218 -0.719084300232 -0.576385534521
0.2169166251 -0.669138079029 -0.581703148984
0.237981027352 -0.621220471749 -0.577909627702
0.267773812061 -0.582196744792 -0.559328186026
0.298528819749 -0.544743434757 -0.539449993088
0.319966181115 -0.498305085408 -0.527877808158
0.341499356563 -0.451777227051 -0.517254453192
0.364660791692 -0.406257344779 -0.505613404061
0.390936670965 -0.363579690632 -0.490363621004
0.426118006808 -0.332382905734 -0.467085332298
0.456405313131 -0.294739162935 -0.446739176741
0.475896101628 -0.247783784458 -0.434114662011
0.499666698506 -0.204261104106 -0.417062888347
0.507622294134 -0.152689596532 -0.411644797854
0.523275562542 -0.104342543787 -0.399025841965
0.540761718209 -0.0570952593492 -0.384732861535
0.557356735249 -0.00944921631407 -0.370349258061
0.561173754036 0.042603885951 -0.365653261244
0.553388103137 0.0941453299317 -0.370784339708
0.551171698402 0.146461322153 -0.369960788481
0.556170003542 0.197946811094 -0.361031624664
0.542200690309 0.248883222096 -0.361860912647
0.527050707462 0.299033425354 -0.358180017563
0.524326297138 0.348585436208 -0.341018443201
0.521604767924 0.395728028172 -0.318366296071
0.524566132597 0.437374110722 -0.286731324429
0.536213284359 0.470006906798 -0.247398698894
0.534378368927 0.51085813342 -0.214603114189
0.52706030042 0.554047157704 -0.185883255292
0.512005543491 0.598567107678 -0.162478104088
0.486519807218 0.642498303317 -0.149605416852
0.473128731215 0.687220363111 -0.125648386767
0.456915693035 0.728031925243 -0.0965525995056
0.425540226342 0.764987339109 -0.076462530069
0.39089507058 0.797941800269 -0.0550093253065
0.361536641769 0.826985541069 -0.022809964386
0.325018063533 0.851805977648 0.00539243556338
0.298258611217 0.871936936938 0.0456971362286
0.284934439866 0.88561367733 0.0944975214079
0.285882872389 0.890971235694 0.146663837395
0.301665670042 0.886763982614 0.196528645344
0.331584546659 0.876214743568 0.238358953408
0.367052716927 0.863773132467 0.275152360289
0.404914697612 0.850097147126 0.308931757556
0.436710543362 0.837609073552 0.348617053199
0.459325725884 0.822421331781 0.393397064253
0.466771506751 0.807146072446 0.443017998375
0.456975681702 0.794198927763 0.492895298632
0.430920102991 0.784807458194 0.537445849689
0.391338392937 0.779981560237 0.571551399058
0.342638310502 0.779231185991 0.591094039721
0.290172261046 0.782585658415 0.595949234068
0.237827340697 0.785365801365 0.591925581522
0.18683470183 0.788122783641 0.578319593643
0.137343176964 0.787356837636 0.560965693845
0.0888606521981 0.782882019377 0.540797949041
0.0398831786265 0.77203194209 0.522511405426
-0.00745977244742 0.74850533026 0.52113813839
-0.0519920060793 0.720829109959 0.518612381659
-0.0946879088203 0.693041791413 0.504718998711
-0.132028378884 0.668474745435 0.476704659414
-0.161425354079 0.652548791428 0.436355675046
-0.192374238212 0.632069573999 0.399377560927
-0.223735044033 0.609311742035 0.363990018181
-0.251034709271 0.592459369993 0.322401055888
-0.281041511292 0.57078926059 0.285309467053
-0.314779101965 0.539007916161 0.260885635005
-0.349017361943 0.500443307392 0.251739226813
-0.379980715554 0.458806907767 0.258881777629
-0.401493478289 0.416245064275 0.280589956194
-0.410136439152 0.377937473794 0.31532412221
-0.421484841947 0.332942112514 0.339586887366
-0.438408132592 0.285244385203 0.353029582503
-0.454443818979 0.237600612261 0.367701310178
-0.471432690435 0.189170702893 0.378199543397
-0.493518868617 0.141845347101 0.373108802316
