0.769183651114 -0.0714983123441 -0.331380877981
0.780753462988 -0.0219154357093 -0.344171276839
0.789203468193 0.0281929822304 -0.358598229332
0.793071822937 0.0755179076115 -0.380831784665
0.792725733139 0.116982281021 -0.412872073902
0.786982248448 0.159525511801 -0.442899098303
0.776073146811 0.207899561337 -0.459771726548
0.761086387781 0.258092683313 -0.458974274162
0.742652448281 0.305058171133 -0.444775843589
0.720783467026 0.348069250111 -0.424391221949
0.693183826501 0.390993375595 -0.412468623587
0.667576458769 0.428031303519 -0.385667442607
0.635649121694 0.467596782831 -0.372923346314
0.598485900905 0.504297236603 -0.368857623579
0.559705925763 0.537067246269 -0.356044285758
0.521225256373 0.567709345601 -0.338047736329
0.478491399608 0.597602958152 -0.332297846732
0.433049348346 0.623025632064 -0.325885115792
0.387388121243 0.647056244135 -0.316718444675
0.341528578146 0.672368764441 -0.315710168823
0.295492091655 0.696687247136 -0.321390290892
0.251082553634 0.7159792399 -0.341770128782
0.202341171005 0.734929731043 -0.344303538512
0.153110715577 0.752745551994 -0.344651884298
0.103562175055 0.769643828832 -0.345414779444
0.0537351606721 0.785295026367 -0.341719829711
0.00384804122453 0.799643417964 -0.334792934597
-0.0464578532152 0.812983536421 -0.32819407731
-0.0972068643496 0.823215759524 -0.336273028948
-0.149229880227 0.828764021164 -0.339578960403
-0.199888699463 0.832086462093 -0.326581659922
-0.244096372997 0.83315191817 -0.298456309626
-0.282923221668 0.83266398065 -0.263010383885
-0.316061068854 0.830629778819 -0.222517988709
-0.343492509951 0.827208134248 -0.178048327171
-0.35443157486 0.822257087869 -0.127025575137
-0.368193172325 0.813219227733 -0.0773169790635
-0.369572186336 0.801858113647 -0.0262180332067
-0.354506737769 0.790244329244 0.0225771866155
-0.336704472069 0.775747679322 0.0697181584132
-0.328669773859 0.756042916153 0.117558839356
-0.335707549577 0.732229907485 0.163651948051
-0.358468752314 0.706792214162 0.203350229208
-0.393149380616 0.681631848815 0.233449777409
-0.433586006253 0.656462614297 0.255199266357
-0.463902303999 0.62315106245 0.281956516676
-0.479413143442 0.583544675422 0.312502152997
-0.506573986674 0.543949384652 0.333452629427
-0.544162517328 0.508379246331 0.341685600089
-0.587357627165 0.478861045731 0.337692073819
-0.629237962495 0.448851264 0.328291281486
-0.66126893321 0.407550608111 0.325130996611
-0.679511916576 0.35865208974 0.329336090817
-0.681668793922 0.307427279956 0.339970307783
-0.667743152129 0.259559812621 0.355981995617
-0.639897016116 0.219725315097 0.375449728533
-0.617937155446 0.173450356204 0.386312614263
-0.595029543919 0.127198670647 0.395328751975
-0.576178370187 0.0786540342912 0.40079917693
-0.570624919676 0.02653410317 0.397924092469
-0.579426489205 -0.0239838539954 0.38683089258
-0.589942624986 -0.0735651277334 0.373616802207
-0.585208923483 -0.125342417382 0.36730599267
-0.571574031362 -0.175764060903 0.363163651736
-0.545134878865 -0.220941920107 0.364755273781
-0.518952131142 -0.266220786415 0.362223335197
-0.50503581531 -0.314539356693 0.347601227211
-0.504913938654 -0.360853101082 0.32315568343
-0.516217890372 -0.402592371277 0.293431961594
-0.53141835529 -0.441543653029 0.261251455118
-0.559551112676 -0.460524221295 0.221135704889
-0.577080489864 -0.490170493485 0.181557603573
-0.580094073505 -0.527782487032 0.145133345784
-0.571622972042 -0.56872495689 0.113519941605
-0.55685209618 -0.610087216948 0.0849441604257
-0.546751331995 -0.649894110481 0.0524035584041
-0.530806431772 -0.690418061972 0.0233020807399
-0.507268211988 -0.730750570763 -0.000498116492844
-0.472209199762 -0.767394289962 -0.0135406734216
-0.42823236883 -0.795778087632 -0.0148353214987
-0.380807032261 -0.814650277771 -0.00317319442228
-0.3346007247 -0.822085746182 0.0203177464653
-0.294393221008 -0.816396815905 0.0533879182766
-0.264299655794 -0.797969944678 0.0921068673787
-0.245570317132 -0.771376209139 0.133282495662
-0.216445754903 -0.750987776815 0.171744198204
-0.188699112769 -0.726188972695 0.208589645457
-0.160037313217 -0.697578652171 0.241951188817
-0.126471311184 -0.669199868784 0.270407850519
-0.0919597687368 -0.638463445332 0.295042380998
-0.0492879451949 -0.613063988905 0.311777331423
0.000775036996962 -0.59856355292 0.317174721257
0.0527376780111 -0.596596813088 0.31067132338
0.100511819894 -0.606583991467 0.291505500548
0.140602276116 -0.630446091633 0.267617118235
0.169072301296 -0.665599642708 0.241129718324
0.195655180253 -0.700433777606 0.21247081545
0.230568185738 -0.724630106896 0.181813779719
0.272414922978 -0.734687239564 0.151851144673
0.309526808044 -0.746628688709 0.116871372662
0.351200980691 -0.742556443556 0.0854218313227
0.393052361852 -0.722868930376 0.0608522032551
0.430659496101 -0.689717474031 0.0457025687205
0.459770587984 -0.646446534108 0.0409278226441
0.482369312023 -0.599168025828 0.0396049130241
0.495555839158 -0.548817624866 0.0453803476284
0.511331612362 -0.498862879023 0.0447495145614
0.532139246921 -0.45172907887 0.0353244069387
0.559383116737 -0.412582589769 0.0136527476115
0.590341481364 -0.382705222401 -0.0162657094144
0.620460591717 -0.366590659964 -0.0559641928097
0.646078687523 -0.361573926158 -0.101409083755
0.666676354167 -0.361736201817 -0.149735340938
0.68200015534 -0.359274015509 -0.199818667831
0.694476334408 -0.342062476911 -0.247815019316
0.706723938196 -0.310425719189 -0.288007412275
0.721531396656 -0.269973795652 -0.317891846509
0.734983721115 -0.221925723274 -0.334092667269
0.746179228781 -0.17075323188 -0.331359048651
0.754968607858 -0.120502709965 -0.319023513313
