0.262065244467 0.585898447645 0.370222671604
0.222554250003 0.612166283584 0.392497212217
0.18042571682 0.632953631115 0.41561316504
0.134630014553 0.638039456133 0.440491588845
0.0884544799685 0.635691656284 0.465085079842
0.0454595518579 0.616117817666 0.487698713243
0.00504902412476 0.589765836444 0.508112408582
-0.0398913839196 0.572372157819 0.529328970731
-0.0869444803351 0.563386892343 0.550533550628
-0.132869005894 0.547392828332 0.570176098201
-0.173579117499 0.51907054069 0.587057229406
-0.210740016358 0.485215421228 0.601915624151
-0.247120315196 0.450115261559 0.615750793601
-0.288631146265 0.421415804211 0.63084278221
-0.332795509129 0.398001576954 0.64659055538
-0.380225499802 0.382979929954 0.663288531906
-0.429509082558 0.377122222016 0.68014915963
-0.477891819884 0.363627337765 0.695953019669
-0.520258376794 0.335448525733 0.709650388041
-0.557474892268 0.300879879239 0.722863654823
-0.589367321449 0.260718899973 0.733667476792
-0.630331768307 0.231081831817 0.747408723003
-0.677004741036 0.213224362741 0.763313048257
-0.71786900728 0.183008421618 0.775956532982
-0.749964999402 0.14177328709 0.780050291828
-0.774162705102 0.0954664956145 0.776376547514
-0.790863122143 0.0471088290944 0.765183365249
-0.791610190114 -0.0018119418732 0.746497463435
-0.781034503327 -0.0463368143825 0.721037222621
-0.761940144296 -0.0849169865606 0.691202906036
-0.733733642684 -0.114376624045 0.658240704506
-0.706106243385 -0.143833032356 0.624730737962
-0.677111244371 -0.171584186828 0.590926042176
-0.636639696265 -0.188329928212 0.562036226909
-0.587534704943 -0.194093745763 0.544484791345
-0.537650600572 -0.183446034167 0.532603740009
-0.491003163671 -0.183529095012 0.508773946533
-0.452437951202 -0.194460201527 0.475043009755
-0.424721264552 -0.217609604948 0.437103498433
-0.411565425002 -0.2504981536 0.398519886068
-0.413863808448 -0.289605402004 0.36373898632
-0.399081784381 -0.320625012114 0.324169785432
-0.391349735074 -0.356410875965 0.286604657467
-0.394374509914 -0.395557675904 0.251963789302
-0.400011083832 -0.435593128452 0.218662339204
-0.390575553646 -0.470511384318 0.18079206401
-0.36712447643 -0.497431507789 0.142471691669
-0.335298022716 -0.518063233389 0.106344602131
-0.303172805507 -0.539070796787 0.0706762370873
-0.283037184871 -0.5719935971 0.0351937633057
-0.273905597913 -0.611716668087 0.00194935940884
-0.283349916887 -0.647919105865 -0.0347012876052
-0.284785924066 -0.678578777232 -0.0771568043365
-0.272893701825 -0.69996408677 -0.123462506688
-0.2599077999 -0.715874981586 -0.171656011699
-0.239024781499 -0.721929484427 -0.219304879655
-0.208232639243 -0.715279731237 -0.261142027452
-0.170771259346 -0.696705269453 -0.292675360652
-0.130798999156 -0.667998657911 -0.310592060134
-0.0915119822405 -0.63341240863 -0.312528147683
-0.0528606251253 -0.599029113878 -0.320626185042
-0.019490138918 -0.566615644194 -0.344771991246
0.00801965416181 -0.542231149363 -0.382081051963
0.0273789960668 -0.527900483571 -0.428579504591
0.0384357399317 -0.524149194893 -0.479633849845
0.0380897648915 -0.532781045149 -0.531289539121
0.0244279363377 -0.55082791313 -0.57851373053
0.00814143010948 -0.56988385907 -0.624482494817
0.00276660186858 -0.577683269429 -0.67597992064
0.00895158844615 -0.573297451319 -0.727791190157
0.0254292099362 -0.557180297181 -0.774808405007
0.0517350717134 -0.53025036136 -0.81120671164
0.0852110129514 -0.496591186472 -0.833306495905
0.121400607768 -0.459046355559 -0.838163586214
0.156562126227 -0.42200914316 -0.826587643732
0.191309666329 -0.383362678775 -0.83304388793
0.221588274306 -0.347563371868 -0.856439717662
0.251149028968 -0.308277575728 -0.874457826689
0.282479782844 -0.266212271335 -0.87440405719
0.312091230567 -0.226507101537 -0.857204176943
0.341325798045 -0.185472190028 -0.842951742326
0.370369941911 -0.141955392731 -0.844968562226
0.396416190249 -0.100350320459 -0.863186031525
0.423429880532 -0.0561397326428 -0.870738049043
0.450145859303 -0.0119519552647 -0.862073488667
0.474082427129 0.0276483023621 -0.837581915662
0.492893750588 0.0588289956408 -0.7999665753
0.505333195192 0.0781325756737 -0.752915734775
0.50888497672 0.0820453269338 -0.700819794441
0.512686422322 0.088779082727 -0.649017300041
0.518363818226 0.101383936777 -0.59830259942
0.515913746733 0.099523139524 -0.545901766701
0.505079295712 0.0828903380401 -0.497337515559
0.490698511456 0.0602939183971 -0.452314509625
0.481989146607 0.0519098591253 -0.401357203377
0.480217670183 0.0591145418156 -0.349521606184
0.487191742928 0.0827952500577 -0.303348371581
0.500914426372 0.118183893945 -0.267285641193
0.520024974421 0.161782511447 -0.245479949123
0.54254383515 0.208869944536 -0.241071012635
0.564289698635 0.256434326424 -0.236247457775
0.580811472475 0.301023790386 -0.214307204794
0.58988403251 0.337890963628 -0.178232955032
0.589226679738 0.362321888526 -0.13190300737
0.587348097833 0.385468971675 -0.0849618999791
0.592758348346 0.423154100014 -0.0489934009667
0.600453831003 0.470270963117 -0.0274357735873
0.60869936593 0.521795051451 -0.0228728425193
0.6093188638 0.573359904591 -0.0137896870378
0.600355065928 0.619417513915 0.00945098218614
0.584010619592 0.659382541654 0.0390648621523
0.560408360995 0.687102870175 0.0767007797682
0.531807767059 0.699078039864 0.118904581297
0.50160222221 0.694315561445 0.1614278191
0.470972966628 0.678572362919 0.200907385909
0.440049853577 0.65475552741 0.235913415728
0.412784980881 0.620268841746 0.264416867219
0.383897351461 0.585396214265 0.290771009744
0.344861343467 0.564481940492 0.31876667965
0.300152878874 0.55962056703 0.345605633984
