-0.0446021905218 0.424279358258 -0.499518063897
-0.0421261720409 0.469115777523 -0.472377282662
-0.0238447837097 0.503696894727 -0.437377934152
-0.0202293443822 0.542068093088 -0.401752920449
-0.035350930628 0.580220884197 -0.36900075744
-0.0667771451636 0.612429284844 -0.341914006092
-0.0937274846569 0.642738896443 -0.308452982344
-0.123580766042 0.674428914078 -0.279038792008
-0.137156640402 0.709102251659 -0.241976479977
-0.134430732066 0.740101983375 -0.199695343117
-0.112717122961 0.769334976417 -0.161567013463
-0.0816300813047 0.780079903391 -0.120778710399
-0.0417941461621 0.778950513365 -0.0867353241803
0.00452732115576 0.767537737931 -0.0648951884093
0.0513556072633 0.750612763606 -0.0484065772138
0.0921227459468 0.739957543208 -0.0172535914858
0.122621263186 0.736534680678 0.0252292913823
0.142644882283 0.736408508783 0.0737812839226
0.146710307636 0.739859829857 0.126229862183
0.13710093834 0.756382441201 0.175119885248
0.133427517349 0.769546308819 0.225944623775
0.142822791181 0.774794700982 0.277336187842
0.152318785077 0.779445211361 0.328688520895
0.17217344651 0.772993038893 0.376785470283
0.198454632038 0.753381700627 0.417698000366
0.219477642146 0.736093668288 0.462495572151
0.241310758954 0.71733686934 0.506245535352
0.268728073392 0.691205404894 0.542421154152
0.296481769281 0.663659037086 0.577255555814
0.32673395027 0.631656884206 0.605584462872
0.360506866155 0.59395345583 0.619008632345
0.394661150846 0.554362267749 0.61618089034
0.427603933403 0.516568948036 0.600930018474
0.458847336495 0.475338589781 0.592519003453
0.486269821671 0.431580406623 0.601397250865
0.510956856049 0.385733625437 0.59585028809
0.531635961232 0.337782432989 0.591910007659
0.548029584139 0.288985556961 0.581890860906
0.560521166661 0.238615397075 0.589318301953
0.570102898366 0.192769624089 0.612885036816
0.577977968707 0.154580228028 0.648030660931
0.583827867724 0.127966897016 0.69282302587
0.592564326779 0.0926070193379 0.730703881026
0.60020037088 0.0485986357344 0.758589666765
0.604582807172 -0.00237540776574 0.771013991197
0.60512398022 -0.0547929182 0.765691589413
0.601851325793 -0.102322402353 0.743208240023
0.594863270687 -0.140796364327 0.707916453211
0.583218084744 -0.179184764019 0.673413734131
0.566417690576 -0.225903025384 0.655891676097
0.547029224871 -0.274651736901 0.659867975832
0.527337482303 -0.318537404128 0.681259970369
0.509517793432 -0.352898001689 0.716993642554
0.484349858985 -0.388976893989 0.745592961594
0.451357022748 -0.427570993918 0.758686247832
0.413100500143 -0.463159955806 0.754521597094
0.375130431891 -0.492657089648 0.733719945156
0.340249577211 -0.513564920416 0.700689081055
0.306017479549 -0.527768849284 0.663139646946
0.280192701012 -0.534691672708 0.61795196178
0.246432795119 -0.532447135622 0.576863520578
0.201983220199 -0.533184960015 0.547718289195
0.157238654994 -0.541766258529 0.520601964506
0.117800520893 -0.54720103046 0.486176808524
0.0917650836065 -0.549365856929 0.44065015038
0.0728334809322 -0.549578655204 0.391780021221
0.0544159538403 -0.551292772497 0.342760499262
0.0272860186143 -0.560514591956 0.298818023668
-0.0024892357444 -0.570222258926 0.256719647812
-0.0190790279984 -0.571555227663 0.207060690874
-0.0208908885028 -0.564047302104 0.155225132884
-0.00858760545096 -0.54904290308 0.106502795866
-0.0114546225312 -0.539833147127 0.0549922565216
-0.0295813407656 -0.537971974348 0.00588217572696
-0.0600700237832 -0.54542741048 -0.0360404842925
-0.0999610827833 -0.560454046739 -0.066502727258
-0.135740951605 -0.573096775341 -0.102580420756
-0.160154773402 -0.577625444246 -0.148683736864
-0.171069562775 -0.573687542586 -0.199782344393
-0.190581144082 -0.573802525314 -0.24838994671
-0.223174520213 -0.582170941426 -0.288507644416
-0.265388355092 -0.598002036126 -0.31517357973
-0.314305756995 -0.613868646822 -0.325396942071
-0.36381631411 -0.62129952963 -0.340873701276
-0.406363117516 -0.621787671804 -0.371529734006
-0.44363558988 -0.618458970425 -0.408203763523
-0.491324117074 -0.617162723447 -0.429833682317
-0.543661423833 -0.619511543248 -0.430047222736
-0.596073723679 -0.617262636664 -0.429787997396
-0.644958218122 -0.605067303525 -0.444312931255
-0.684963437969 -0.584091419679 -0.470914172214
-0.711168981561 -0.55688923702 -0.50725461555
-0.721367925993 -0.527485845245 -0.549414533242
-0.714544190008 -0.497877513441 -0.592115777984
-0.691411828206 -0.471111099979 -0.630795199419
-0.652557678441 -0.452288688957 -0.660804261249
-0.621897459901 -0.423315779344 -0.691840087718
-0.606699690584 -0.383745400298 -0.722590250332
-0.607875547456 -0.338885750781 -0.749591683468
-0.607533108476 -0.291833832949 -0.77269728632
-0.588661054753 -0.246761940557 -0.791648208676
-0.56016336682 -0.2047669545 -0.805033633988
-0.535995909994 -0.159242992004 -0.814238459253
-0.498545523874 -0.122751365904 -0.816871221679
-0.452936893857 -0.0973783810506 -0.812685764054
-0.403219335704 -0.0851778220356 -0.801502261223
-0.353241467223 -0.0758937400233 -0.788678064186
-0.310914743041 -0.0484374005251 -0.774502428503
-0.280330451137 -0.00848547709042 -0.759898887464
-0.247111216406 0.0288915984727 -0.744269076527
-0.228577550068 0.0761405888757 -0.731329009861
-0.224802215602 0.126942253594 -0.71897763066
-0.24033290997 0.176324852888 -0.709832395415
-0.239002810916 0.224051426577 -0.688189584955
-0.229303271281 0.268035300549 -0.661486273341
-0.207352768975 0.30562433272 -0.632329528893
-0.173216801215 0.332004962633 -0.602602361951
-0.128171688534 0.342321581855 -0.577855415586
-0.0824613544746 0.35101600348 -0.553400527874
-0.0481233822363 0.378232816746 -0.524427195166
