0.145464065061 0.0244197355082 0.329150380709
0.122303492302 0.0083963669186 0.373352333766
0.0983386788513 -0.00743980402308 0.417141177928
0.073413042304 -0.0202049833811 0.461392272232
0.0478887157537 -0.023478334292 0.507023355903
0.0219290308317 -0.0222257556976 0.552533408554
-0.00476832871549 -0.0362751981105 0.595360473215
-0.0295626781408 -0.0643671909455 0.631945740156
-0.053631046489 -0.0964874443081 0.665561671818
-0.0787229871397 -0.126863117221 0.700047686307
-0.0990666885537 -0.168551442556 0.724345270214
-0.113434838946 -0.217004647045 0.738045176728
-0.120678216702 -0.26886999286 0.738608266665
-0.130619714923 -0.320171261362 0.741974556051
-0.139156005523 -0.371651982897 0.737647160748
-0.142749101077 -0.420273231556 0.718561061073
-0.143404911878 -0.463269448832 0.688691675655
-0.157002699448 -0.509851884765 0.66903813284
-0.182135792464 -0.555202677239 0.661780401857
-0.216271467694 -0.594525380355 0.667214584268
-0.255771736089 -0.625072574363 0.683016106276
-0.298451747198 -0.650355582711 0.699809423864
-0.341911302616 -0.679449898315 0.70234041247
-0.381557543378 -0.710415351362 0.687821970869
-0.412486838453 -0.740076646171 0.657741577992
-0.431535995207 -0.764904457608 0.615760929398
-0.436241395744 -0.781778004664 0.566402582188
-0.431564063802 -0.789408847425 0.514733872623
-0.424833667503 -0.79181475217 0.462772935649
-0.41333524949 -0.796056696262 0.41176059667
-0.409493104953 -0.802224905552 0.359879143848
-0.418953730672 -0.809317130634 0.308792473637
-0.445195561301 -0.814989276252 0.26379603541
-0.473634101763 -0.815596102823 0.219718164035
-0.498665366086 -0.809873849749 0.174014964301
-0.520372197204 -0.802396970524 0.126795773244
-0.525672574872 -0.792617939782 0.0755809894026
-0.514735241302 -0.781024560996 0.0255075779579
-0.509255160448 -0.769146409106 -0.0253051649608
-0.515021127897 -0.758011562517 -0.0761854600413
-0.504660949901 -0.746717548135 -0.126345143925
-0.479675597482 -0.733578805104 -0.17050749659
-0.439880872629 -0.720376967392 -0.201927906125
-0.391730517835 -0.709008725604 -0.219125410461
-0.340877982708 -0.696393459147 -0.218476729744
-0.292145772773 -0.680611395467 -0.207173167405
-0.246427198438 -0.666339731954 -0.185746822916
-0.201585950569 -0.65645046264 -0.160457993961
-0.153398550949 -0.640626096705 -0.147442876294
-0.10574671298 -0.625485861527 -0.131820977608
-0.0596923473667 -0.600523932812 -0.130489355237
-0.0140633822733 -0.578375902778 -0.117369279234
0.0311633821272 -0.552029382756 -0.118725614977
0.0705314525831 -0.522352026586 -0.136346051627
0.100302621846 -0.49340977108 -0.1682416308
0.117626328796 -0.466129951377 -0.209442062804
0.139114667943 -0.435638824724 -0.246211027843
0.169029695844 -0.40101549356 -0.271778954215
0.18644393804 -0.36449811376 -0.305094397277
0.209492177169 -0.322931078733 -0.32707273348
0.225205498504 -0.279585229567 -0.351890742466
0.232883989767 -0.235235798674 -0.37870816309
0.228261621758 -0.198010973215 -0.415295944719
0.231446734654 -0.155388273052 -0.445652238119
0.240152261494 -0.109477406422 -0.469460900667
0.241930056793 -0.066613394965 -0.499504228724
0.246926680485 -0.0218093502059 -0.526202461253
0.261198536911 0.0261224758845 -0.541980313576
0.280918914486 0.0742228536366 -0.549641756107
0.301766833819 0.121851541627 -0.556680174364
0.31390264576 0.169944086284 -0.573530326461
0.316250039541 0.215346852321 -0.599539158209
0.316915142843 0.261942538972 -0.623871210183
0.320422814402 0.312785241384 -0.636527558541
0.331661676277 0.36393116701 -0.632148569159
0.338454403842 0.415777867355 -0.625080922111
0.340052449443 0.467276990294 -0.615711216399
0.334741809953 0.518893643265 -0.607565164016
0.315789048514 0.567780863356 -0.61105406586
0.295014776733 0.615840035925 -0.608597096543
0.271296119684 0.662170269723 -0.602784510002
0.246093460652 0.707405648152 -0.594854191325
0.213848740417 0.748694136283 -0.598094857918
0.186995650251 0.79232675837 -0.586973212291
0.155349526162 0.832656403904 -0.576261604045
0.123973956526 0.870944261267 -0.559160933845
0.095247848729 0.906853176541 -0.533975217594
0.0769209938541 0.938258638982 -0.496230847442
0.0669716154188 0.962939180123 -0.451114010864
0.0423117522775 0.987418554079 -0.411889865868
0.00995553558736 1.01243282488 -0.379181594487
-0.0117375422933 1.03126450098 -0.335400092619
-0.0257796615197 1.04350602122 -0.286460085798
-0.0257000283215 1.05248735637 -0.234732668918
-0.0130683512029 1.05565377283 -0.183816660474
0.013566464684 1.04809977966 -0.139267373415
0.0482795879668 1.02795037531 -0.105557890021
0.0871287835246 0.998357871536 -0.0865350693742
0.126385108281 0.963684462435 -0.0843815924422
0.159686059988 0.92633096094 -0.0998348758206
0.18983406865 0.883500792739 -0.0996089069537
0.213633366491 0.839706613401 -0.0835358795431
0.228004775146 0.799387972776 -0.053366826874
0.242515296024 0.752545973531 -0.035013772772
0.250270099875 0.707008535244 -0.0103637815313
0.248168504304 0.669344087181 0.0259493575619
0.239671657271 0.644137511127 0.0710531874302
0.232413561264 0.614046938756 0.113294888427
0.229006565387 0.571952963198 0.144247889334
0.226822465773 0.521929402294 0.159554586089
0.228992200523 0.469636028445 0.157901620978
0.235188123044 0.419055822708 0.145826106685
0.237216557203 0.366809994812 0.142685762538
0.232924345598 0.31603344061 0.154789760065
0.222878949265 0.27097894406 0.179532771144
0.210799012271 0.228335395018 0.207414952727
0.201175620625 0.180521709219 0.226615144318
0.188545828442 0.135665162817 0.250493001752
0.180916425959 0.0846237930931 0.259489700032
0.166137750362 0.0406709600042 0.283815744728
