-0.129582264073 0.189080179717 -0.837597047667
-0.148841517034 0.230894697873 -0.812186050459
-0.175623889079 0.27408163768 -0.793437574881
-0.172772600324 0.317474489838 -0.763401414966
-0.159002956057 0.357871860629 -0.732923713841
-0.131634172113 0.387151248234 -0.699107838115
-0.0980903506713 0.407229792106 -0.664122266753
-0.0619331415957 0.415813538081 -0.626230134296
-0.0404559089142 0.436932221895 -0.583287518598
-0.00887887402001 0.441799594945 -0.541665825344
0.0283206372572 0.426579493131 -0.507966749704
0.0575104615428 0.423996491221 -0.464429279105
0.0838229196284 0.425389911061 -0.418041813316
0.118900607915 0.406553088879 -0.383890749638
0.148098423289 0.400272290891 -0.34084841677
0.173593740419 0.399123830864 -0.295016845492
0.204465386967 0.387806151569 -0.254236118707
0.229346015814 0.386307108981 -0.208159966881
0.246719055724 0.393585335184 -0.159265230296
0.252516392427 0.412506623873 -0.110761219675
0.246052577986 0.441134001701 -0.0673747995049
0.228062821845 0.476763935029 -0.0334483533309
0.200438120694 0.515974773635 -0.0123600150909
0.165900694926 0.554922375838 -0.00626479022575
0.131805945424 0.593415593008 0.00371861709141
0.104321563259 0.630015390098 0.0291583274533
0.0862114493673 0.660934485534 0.0673319314269
0.0793788682834 0.683151032499 0.114247607955
0.0844111118634 0.694495625244 0.165124144116
0.100944581599 0.694068747214 0.214829942334
0.127726490159 0.681459022233 0.258071597341
0.161425121546 0.658054136264 0.290662535634
0.195353040715 0.625289841121 0.313507519831
0.220260359337 0.598487613678 0.351024794347
0.233407974207 0.579970073946 0.398248496221
0.232605236549 0.572052008003 0.450018463092
0.23390704347 0.553938812001 0.499176831925
0.225580518468 0.541641309211 0.549394163062
0.206590589408 0.540733112619 0.598196648509
0.180492458652 0.552559921522 0.642032798654
0.155437443669 0.560581583263 0.687345106557
0.136212492792 0.556129031882 0.735943047613
0.120007326124 0.540703108528 0.783460101817
0.0908074870431 0.5354664014 0.826729255781
0.0564474427789 0.532503046075 0.866153987863
0.0256319561739 0.515844516281 0.905086565485
0.00212666454685 0.48518839966 0.940462196031
-0.0108959677452 0.442941688025 0.968559730401
-0.0128796000746 0.393698219092 0.986311381196
-0.00524485934286 0.342264376325 0.992856890334
0.0057221540882 0.291070773586 0.991443666534
0.0272351226929 0.245412260906 0.977473365291
0.0596082025352 0.210879232747 0.954973079259
0.0909019059979 0.173905793446 0.934043038802
0.111014550904 0.129217599362 0.91547940936
0.11466290907 0.0789290593378 0.901260354051
0.102132251558 0.0287567951787 0.892889090917
0.0741105803476 -0.0154438616259 0.890569576014
0.0357671378426 -0.0511340543133 0.893263435118
-0.00662683527222 -0.0822794798877 0.895388091157
-0.0473275093958 -0.114723660488 0.889143711046
-0.0791832652073 -0.151362833619 0.869408729155
-0.0986847466213 -0.188548751895 0.838057146841
-0.108011734918 -0.22267831787 0.799453710228
-0.128490087248 -0.253486819715 0.762175971052
-0.155803053599 -0.282597619131 0.728041744274
-0.174523590396 -0.312606630966 0.68942989448
-0.203366960452 -0.341015013707 0.656211996141
-0.237078189472 -0.367581248897 0.626216111125
-0.257036736881 -0.396250947185 0.58720900234
-0.260831641239 -0.423957489912 0.54293247502
-0.248038847872 -0.447804041222 0.498102303681
-0.220541704378 -0.465487194646 0.457197494204
-0.180835724659 -0.475227979999 0.424470978992
-0.142695584511 -0.485154798335 0.389866050865
-0.105505653951 -0.4946206784 0.354159624404
-0.0831738764208 -0.510901121466 0.309683013797
-0.0775978437331 -0.531900822379 0.262038253227
-0.084558914978 -0.554634406841 0.215380840044
-0.077085694959 -0.574078905981 0.167346333088
-0.0880228911122 -0.596507398085 0.121100958209
-0.0861723820283 -0.615717336814 0.0724042674741
-0.0681870066295 -0.630259680397 0.0254071361381
-0.0391535528142 -0.640657798152 -0.016924609502
-0.0138168251055 -0.6516646027 -0.0614790847944
0.0153970382978 -0.661280363754 -0.103959002967
0.0498855371116 -0.667383967705 -0.143417751287
0.0805251723946 -0.674028652394 -0.185449002577
0.0958404593671 -0.682506337804 -0.234817547653
0.115254741569 -0.684785396873 -0.283399445388
0.124245569165 -0.686132532527 -0.335018550565
0.144178027633 -0.678606667872 -0.382854916992
0.173744083753 -0.662396783294 -0.422930592248
0.187667051998 -0.647072221809 -0.471037407579
0.18326448768 -0.635215916301 -0.521876067804
0.161141524954 -0.628032555737 -0.568852651286
0.145910020473 -0.610537061255 -0.615850045702
0.116207731236 -0.597149531558 -0.65685819979
0.0897256167928 -0.576234687917 -0.697175154138
0.0648077897653 -0.549249036327 -0.734557639939
0.0256186797619 -0.529013989508 -0.762922532326
-0.0208672743057 -0.513334368125 -0.781413195483
-0.0724679991633 -0.505816737665 -0.786445763002
-0.121734694 -0.490343309995 -0.795349878884
-0.170984805991 -0.474323025257 -0.803426150845
-0.218621717222 -0.45521560794 -0.813801377465
-0.257001663263 -0.425119398022 -0.832865997039
-0.281607012731 -0.384928184312 -0.855743291939
-0.291092170295 -0.338613425462 -0.878947979908
-0.300545744906 -0.292365179138 -0.902162773842
-0.296959660124 -0.242670631125 -0.918302306644
-0.27790291468 -0.195717653102 -0.931585508424
-0.249582033994 -0.152547686312 -0.94079649248
-0.218251128378 -0.110758995988 -0.944860472905
-0.17872774786 -0.076448048842 -0.943120003023
-0.142514454939 -0.0390294823503 -0.937108977992
-0.120834148867 0.00773360435755 -0.927588266888
-0.110400895663 0.0567870405739 -0.912413925027
-0.100131325325 0.101885820161 -0.887705907721
-0.110995022257 0.145731183665 -0.860831329696
