-0.605221644679 -0.557242023152 0.381143799381
-0.579129464626 -0.540659483345 0.423408143691
-0.554412515168 -0.518541712159 0.463957243188
-0.536148940779 -0.483759254231 0.498622584837
-0.528227500598 -0.438398241502 0.523603163628
-0.525025002931 -0.390296909351 0.544038065264
-0.526857233039 -0.340256191273 0.559585170349
-0.533618296896 -0.288894894229 0.568131995649
-0.55148676886 -0.239464268018 0.570650061968
-0.559253670311 -0.189156751461 0.584263514448
-0.543269769895 -0.142159405732 0.60190754498
-0.514146160784 -0.106359109655 0.62677618233
-0.478940869226 -0.0806225238237 0.655872980073
-0.445392150074 -0.049863854038 0.682036719406
-0.411528759326 -0.0147694938845 0.701404895079
-0.370104068703 0.00608800155323 0.725934445995
-0.326587431422 0.00860915637718 0.755095436968
-0.282275619524 0.0233352565564 0.778822870043
-0.239890907624 0.0499391786186 0.794281474748
-0.203246115628 0.087042360553 0.799412030792
-0.160152544566 0.11643411817 0.804106642238
-0.109911754997 0.129357182945 0.811391046721
-0.0590311571382 0.125133642714 0.823135238773
-0.0120702693311 0.107438306462 0.838134661607
0.0364737966591 0.0938765026806 0.852683275896
0.0887709603058 0.0956353833626 0.855017931932
0.13945317362 0.107138197153 0.8484017973
0.183446161867 0.130967794058 0.832836766546
0.2170862728 0.163983005955 0.809902255403
0.243408975809 0.199758677419 0.782081301048
0.277834332347 0.22570776663 0.752347416432
0.318573702421 0.240064757892 0.722727026339
0.351236962547 0.259812325696 0.686733737335
0.374004462597 0.284048399335 0.646232545616
0.386376208209 0.310843664363 0.602972430011
0.399522908623 0.332457334701 0.557089546666
0.417259759986 0.345617350946 0.509604169178
0.443437991258 0.345672791289 0.464243168671
0.475500885843 0.332723973856 0.424896351247
0.510494252329 0.308282790657 0.394538575707
0.548589628156 0.276299570415 0.378188160456
0.585093036142 0.24734707738 0.354111483246
0.616498413105 0.222773594188 0.320094049708
0.648295426869 0.195976313869 0.288278336957
0.676899352859 0.174033788365 0.250268314768
0.697906108265 0.160830050509 0.204144947429
0.708135255027 0.153448653297 0.153283624628
0.711285372483 0.14777414072 0.101196570677
0.712735990436 0.140670857847 0.0491692878647
0.710155514464 0.136741172962 -0.00300845544847
0.71781944612 0.119043231201 -0.0517658922554
0.732530551576 0.0921125747111 -0.0942336762275
0.736955138699 0.0750699666981 -0.143555421958
0.730044120064 0.0705312493372 -0.195271302948
0.712092739582 0.0790498773654 -0.24374244186
0.700854745949 0.0765252125238 -0.294891750597
0.687371252862 0.0763046766657 -0.345498597243
0.66527666616 0.0893737677032 -0.39118137494
0.641272184625 0.105296672504 -0.434917305128
0.618556556934 0.1182782256 -0.480371651289
0.592580007003 0.133611096563 -0.523189495731
0.574583219729 0.134709256089 -0.572355518312
0.564660906677 0.120944468296 -0.621962492672
0.566428100186 0.0957809980867 -0.667894517058
0.581262319617 0.0632270991925 -0.706151319403
0.603583830319 0.025244388828 -0.734473882961
0.616468583851 -0.0116058674498 -0.769444437062
0.614137483871 -0.043011701446 -0.811327195167
0.595827163334 -0.0661789388915 -0.854587249446
0.564255062998 -0.0787971268472 -0.894412441277
0.523810646884 -0.0781916252733 -0.927664580189
0.478818783164 -0.0643237615452 -0.950591741498
0.434080546441 -0.0390893714918 -0.960831410688
0.394452554486 -0.00505196000617 -0.956710829582
0.361518916652 0.0325836489629 -0.941067751815
0.320096555363 0.0623648315225 -0.929143467218
0.273642896646 0.0844044391715 -0.919091683803
0.223976978066 0.0993682286295 -0.910292785085
0.182214065258 0.120919856224 -0.886999050498
0.139717567086 0.138183479234 -0.861507807227
0.0936623001312 0.147277910389 -0.837714871025
0.0468038828576 0.150521788608 -0.814026925638
0.00827553923517 0.157937298169 -0.779199737566
-0.0230126387885 0.165338792818 -0.737749560164
-0.0441972840217 0.174380385575 -0.69060229599
-0.076504015593 0.174133990309 -0.649311501935
-0.116381142132 0.161667543046 -0.617666525263
-0.159169281988 0.144622288575 -0.592561373519
-0.202396326155 0.125986261578 -0.569182459633
-0.245845653249 0.1052122168 -0.548638540898
-0.287745568355 0.0851650894348 -0.524417376115
-0.325507196783 0.0686760058581 -0.492011892462
-0.365190217359 0.0485108247555 -0.46419435298
-0.408515746742 0.020130430992 -0.45477673694
-0.449284943328 -0.0126919160947 -0.453241207872
-0.487205828885 -0.0484754466636 -0.448258596016
-0.523171159727 -0.0790471298564 -0.425573144547
-0.553251945062 -0.100443996634 -0.388423276109
-0.574564160353 -0.110787868016 -0.341711030039
-0.584855005488 -0.108842826264 -0.290390380694
-0.582935347581 -0.0951462469946 -0.239863491925
-0.569752089062 -0.071946452638 -0.194807462685
-0.551941428466 -0.044925976507 -0.15359800753
-0.543857715121 -0.0275070634796 -0.104871057755
-0.547753128832 -0.0236341336482 -0.0527921641165
-0.562792094588 -0.0318573595278 -0.00329775583008
-0.586610372738 -0.053631887478 0.0379871686892
-0.613870119265 -0.0871832587452 0.0676076639532
-0.641795644443 -0.129021689926 0.0832134018284
-0.665265535985 -0.170550840784 0.106854268223
-0.676245879496 -0.203076602735 0.146530227364
-0.683214184397 -0.242142603597 0.180877842584
-0.690454663598 -0.288213711635 0.204702475197
-0.697965909435 -0.338903627331 0.215443758972
-0.705169212316 -0.390683730513 0.212319892194
-0.706332160568 -0.442996825695 0.2141071532
-0.698333738866 -0.492324129109 0.229748199938
-0.681791322481 -0.533193072814 0.258019504018
-0.658192600916 -0.561206125964 0.295479437012
-0.629106339169 -0.573222220056 0.337369275443
