-0.0745179634428 0.764203153937 0.18937957802
-0.12476439865 0.751716153061 0.181332546046
-0.170690079055 0.726557012778 0.183112103848
-0.207872620765 0.691464278997 0.194620271562
-0.246919418144 0.657569402485 0.203062779508
-0.278993668663 0.617781578046 0.214574572274
-0.320953562724 0.586105955629 0.213747694297
-0.35215036572 0.54458293643 0.221136779167
-0.377911695135 0.500431170508 0.232919669638
-0.414575483822 0.463008527498 0.234645627591
-0.458551876118 0.435447459338 0.226043358541
-0.500641745025 0.404734660183 0.219987191123
-0.53038010551 0.361826990251 0.226487328994
-0.568004911092 0.325326475065 0.224037853172
-0.611368424794 0.29978740625 0.209329405707
-0.656690753523 0.289049737164 0.185021341927
-0.700939905956 0.281980212583 0.157444355902
-0.742545365079 0.259446087899 0.134915675866
-0.778212819555 0.225020618943 0.117840797113
-0.810012687358 0.188545487054 0.0977050011972
-0.835182303581 0.143869224217 0.0870679380088
-0.859219635638 0.0992926714002 0.0737304299643
-0.88027591409 0.054616329001 0.0557613158172
-0.891125504496 0.00344627833393 0.0511321417956
-0.904980348346 -0.0474860851355 0.0497412524269
-0.917912920797 -0.0973970533653 0.0397690185908
-0.927176358459 -0.146411380691 0.0237269741703
-0.937187517682 -0.191557706407 -0.0010928438563
-0.943911451221 -0.233099067061 -0.0325602313345
-0.938610401251 -0.279824602682 -0.0557322110982
-0.92627359077 -0.32616438167 -0.0771811536734
-0.908836716559 -0.370283343301 -0.0995592441157
-0.897588782411 -0.404679909739 -0.137415501813
-0.893851123669 -0.425277484606 -0.185532182638
-0.893258140494 -0.435519340305 -0.237214253315
-0.888817327968 -0.443517347876 -0.288816251709
-0.87333808115 -0.457851228604 -0.336818369603
-0.849337361093 -0.474921035319 -0.380107766595
-0.816883766385 -0.494245180102 -0.416365031762
-0.775871980963 -0.518056661516 -0.43856168068
-0.730696647246 -0.544013709015 -0.443889241782
-0.687058167845 -0.570566467171 -0.432300061603
-0.643746453692 -0.593165948462 -0.413406785292
-0.60016696557 -0.616592031806 -0.396090261049
-0.564167902017 -0.639891112728 -0.365760922557
-0.525127566124 -0.663467015534 -0.339319314399
-0.478410770914 -0.681671016394 -0.323486844772
-0.431140889196 -0.693808178831 -0.30429912586
-0.378873790748 -0.69740613331 -0.304280885225
-0.328925654581 -0.69487920561 -0.31993863373
-0.287072092364 -0.688756798108 -0.350900809039
-0.238869017313 -0.683819734925 -0.370872497781
-0.186677905358 -0.681083585439 -0.374626667095
-0.135766219934 -0.679715688974 -0.361901809534
-0.0835901425153 -0.674924121082 -0.361594887299
-0.0343429390128 -0.667403702165 -0.37786267102
0.0100571958898 -0.661235281761 -0.404953328793
0.0611438642085 -0.656872049701 -0.415675483283
0.113118660857 -0.65451636049 -0.409515823564
0.161396564077 -0.652847733228 -0.389257491139
0.202796262264 -0.648621525486 -0.357484995685
0.24292012938 -0.639316943975 -0.325151994685
0.285742228461 -0.624253101688 -0.299032227031
0.331928048435 -0.60344811432 -0.285778349823
0.378327946034 -0.579389847542 -0.288924500539
0.421478116279 -0.556838324918 -0.308187089724
0.463206262485 -0.534110061654 -0.330228608364
0.507731622319 -0.508449187616 -0.34026056138
0.550212458804 -0.478566797688 -0.333557432111
0.585110959755 -0.447696609233 -0.309650540676
0.608412747736 -0.419976841798 -0.271422261698
0.625724317833 -0.396278623224 -0.227993431422
0.641273307595 -0.373962269156 -0.183204814264
0.653623316585 -0.354199486688 -0.136010808372
0.6633910681 -0.33557450969 -0.0880506725992
0.671599971038 -0.312507021206 -0.0416315220166
0.689300976313 -0.281266793337 -0.00342189479064
0.712626334643 -0.246270708822 0.0277912134841
0.735667281632 -0.207061608487 0.0539886930674
0.768256777898 -0.166658607622 0.0615583809663
0.798213370604 -0.1237810104 0.0645269811428
0.813952056025 -0.0774019239026 0.0831683605545
0.826140017538 -0.0284320808493 0.0973666213047
0.835222787684 0.0220673252489 0.107955975134
0.848152551638 0.0728289094124 0.105025864102
0.866779149362 0.118223298963 0.0858898473378
0.882629657022 0.166190326626 0.0718929990739
0.890904983284 0.218063304077 0.0726613110097
0.894450086826 0.266530882889 0.0927734071874
0.902351870808 0.317510408086 0.103454799402
0.906343297168 0.368733615216 0.11443106088
0.895451704757 0.414889624937 0.137115113639
0.883789161839 0.46455907931 0.149166026315
0.875852075606 0.516089508015 0.143775998065
0.856259443367 0.564028003786 0.151689289349
0.82663704025 0.60293988721 0.170499048205
0.790480815521 0.623379268562 0.20252054271
0.753750697799 0.625973771033 0.239906362815
0.718851821438 0.610545026794 0.275907353829
0.680271928024 0.593318976927 0.307029737561
0.650862584425 0.557718846755 0.332063952032
0.607809717195 0.536746695758 0.353632413568
0.558457310383 0.528098685328 0.369027236549
0.507927484667 0.519131332397 0.379698566959
0.456636888953 0.513675269834 0.388709811042
0.408096733671 0.496627535539 0.398471622491
0.367536378926 0.465200381325 0.408950814562
0.324286469461 0.43714891846 0.418126807151
0.274100022329 0.42427505941 0.425787344983
0.221858270427 0.427191701911 0.427749785415
0.17318182558 0.445690418311 0.422277922344
0.1340199278 0.478157001745 0.409851151934
0.109525302494 0.520866563924 0.39198934631
0.101509889213 0.568108071647 0.370820489841
0.0948118058031 0.613641325111 0.345795300566
0.0815371382251 0.65390556703 0.315025518791
0.0699758478854 0.694079470736 0.283402328491
0.0516291078555 0.731061397163 0.251126077761
0.0192810551289 0.758898978988 0.220702085862
-0.0236044940165 0.775085436904 0.195305406136
