0.238314550133 0.671343856184 0.0744662324415
0.244788642147 0.71962058795 0.0552378497134
0.234292210108 0.765623864995 0.0325151240001
0.224295583304 0.812014599771 0.0102846372182
0.204297737257 0.855036079532 -0.0119408738909
0.171731259826 0.889178401574 -0.0347969595265
0.152828011622 0.929550543458 -0.0624191722314
0.118401338245 0.959342268832 -0.0883585183653
0.0753794977997 0.977848310331 -0.111794809874
0.0263854966119 0.982034939119 -0.129789163804
-0.023706694082 0.97227761674 -0.141476701321
-0.0719913874122 0.963039406782 -0.159485907456
-0.118428109258 0.946679200772 -0.177343452607
-0.162096656925 0.921414311614 -0.191657346818
-0.19865248632 0.884163361921 -0.196669641012
-0.230319534473 0.842600123808 -0.200511370763
-0.249595957866 0.794328214983 -0.193640702123
-0.25568332462 0.745923213937 -0.174516676924
-0.249698039688 0.703439656104 -0.144470307167
-0.239110443143 0.664286186176 -0.111361507754
-0.222520951926 0.63030835186 -0.0751023172534
-0.197519504237 0.607450166423 -0.0351757634331
-0.164872891215 0.599345720009 0.00495112186612
-0.126252778207 0.607145123351 0.0394583475278
-0.0843307396667 0.613788985024 0.0701956029248
-0.0392664903538 0.624748134275 0.0949333031131
0.00582590671791 0.616940629276 0.120969574944
0.0460184623 0.593504835832 0.145251224821
0.076516300912 0.556024159347 0.165738948916
0.0934574485705 0.509542253044 0.183239933593
0.0954435924193 0.458902653836 0.19674803246
0.0999478280054 0.408678201066 0.210936343468
0.096285719018 0.35759411848 0.221866273809
0.111400773717 0.308197562865 0.230450890461
0.124853333241 0.257597485168 0.233875898616
0.148513122692 0.208262997058 0.239485998209
0.155089197212 0.156305262553 0.240487737463
0.176107896115 0.108276534022 0.238411407849
0.212476129556 0.0706321658186 0.234670554059
0.255141123185 0.0406614296489 0.227803312484
0.297720435778 0.0116166008272 0.217550730495
0.335074001718 -0.0230184337079 0.205292406245
0.359156004467 -0.06737567264 0.191282037917
0.365648317304 -0.117036847237 0.175660109347
0.362099607056 -0.166805960051 0.15968615653
0.344660955593 -0.213760788723 0.144403124324
0.314211524994 -0.254508454139 0.131994278497
0.279127426796 -0.291706877623 0.120736651207
0.233541756094 -0.316424040235 0.113499389673
0.181922930479 -0.325085974091 0.11193576876
0.130264627568 -0.317441204548 0.11587109955
0.0787734621158 -0.308538564394 0.119194623836
0.0268795421558 -0.315104078005 0.116849455163
-0.0200977945195 -0.336595015678 0.108015175134
-0.0684599706864 -0.354924251022 0.0998803031591
-0.117209114311 -0.372181293625 0.0913698463168
-0.168475053697 -0.381118795807 0.0852728672382
-0.213893140407 -0.404292272007 0.073314970522
-0.250091564749 -0.438315975745 0.0567486284112
-0.297247225743 -0.457273368339 0.0441733914853
-0.348995542175 -0.460348499712 0.0368448042741
-0.399723118257 -0.447447200236 0.0356939713655
-0.445269433824 -0.421584352495 0.0357272963414
-0.495893831903 -0.410569844651 0.0280189223605
-0.546099121297 -0.414596253863 0.0136456618083
-0.590877328617 -0.433643640109 -0.00572724960897
-0.625383425053 -0.464985396626 -0.029628207227
-0.646431225339 -0.504163265356 -0.0573292110768
-0.652018455826 -0.547464649505 -0.0862697509824
-0.642623160543 -0.590668504996 -0.114353161888
-0.616597960864 -0.629464702912 -0.138052470034
-0.576898015347 -0.659000721148 -0.155275067805
-0.528756134379 -0.678510780425 -0.162073337589
-0.477277803377 -0.686470290311 -0.156557177902
-0.42777299158 -0.700029746882 -0.166925604245
-0.385805977159 -0.718877757693 -0.19193866709
-0.353897533302 -0.740006875421 -0.227683497746
-0.310351562623 -0.749301392017 -0.255240419632
-0.259980415354 -0.750130203585 -0.269579158253
-0.2103125438 -0.751616994519 -0.286240318484
-0.168951212888 -0.760048587719 -0.317311310456
-0.121178335571 -0.761029330229 -0.338715113736
-0.0721276831412 -0.759374576526 -0.356947375612
-0.0208451317629 -0.749617478813 -0.360944830701
0.0303961581723 -0.739166557017 -0.365621677035
0.0810747602492 -0.725728961683 -0.365490388183
0.131837062119 -0.714525640647 -0.371759724372
0.179842675872 -0.695611611326 -0.362829884059
0.220183787799 -0.67127488857 -0.339957281005
0.248935889558 -0.64395053063 -0.305755082641
0.263609949518 -0.616441062416 -0.263675186927
0.26285203823 -0.591842400198 -0.217451768048
0.253134977594 -0.569219953642 -0.171237674298
0.237034828391 -0.546107749924 -0.127086026487
0.234417462515 -0.51324533087 -0.0864028129538
0.226475471946 -0.477247099981 -0.0491785845881
0.208051086208 -0.44176130504 -0.0152472831744
0.205430409214 -0.398531542983 0.0142863175921
0.220246373304 -0.354317789334 0.0382597041933
0.231737635562 -0.309378326894 0.0627204519508
0.224929693986 -0.264089784462 0.0882044094019
0.206368323003 -0.220384240678 0.110848005551
0.203830404505 -0.17033025726 0.126817742788
0.218716127032 -0.121470670564 0.139355092059
0.230541478399 -0.0710134922147 0.147776152221
0.246482496572 -0.021265136738 0.152296909933
0.244501465292 0.0305339812345 0.160103307503
0.238361893363 0.0819853526856 0.167704597016
0.223769964045 0.131686395024 0.176073608361
0.201965255697 0.178724621857 0.183567138164
0.170247921559 0.220179551515 0.188311235049
0.149402003425 0.268722933742 0.186340167686
0.140051164176 0.320044144905 0.180308819353
0.134287368725 0.371701799575 0.173254714962
0.114815249167 0.419043181275 0.161854371776
0.113330533977 0.469618573508 0.148141288772
0.122610549641 0.51892962105 0.133011960312
0.151981045401 0.559781102107 0.118304398094
0.193615549461 0.588998145465 0.105696170794
0.231646990976 0.62214572813 0.0911199127088
