-0.0729552581738 0.140256902665 0.992939776881
-0.0388613897808 0.112570950481 1.02146647544
8.40949999166e-05 0.08159500256 1.03825679137
0.0433570024719 0.0514636970135 1.03958342294
0.0849433479293 0.0195650431673 1.03853895642
0.124726792315 -0.0144476672991 1.03628570455
0.16676532142 -0.0405756567154 1.01913028038
0.20762660174 -0.0591262743447 0.992080871212
0.245269688952 -0.0664944539499 0.956418585708
0.28431869519 -0.0786354719429 0.923385723609
0.323820808546 -0.0944016481028 0.892654431444
0.361576920383 -0.107373822944 0.858772724352
0.400779839976 -0.125852826493 0.829092203394
0.434748736208 -0.133381266888 0.789927414338
0.462971255887 -0.131055748144 0.745710882382
0.485959054984 -0.12307539319 0.699313366561
0.508992323274 -0.116569478867 0.652741467838
0.537329255059 -0.119108776412 0.608407330504
0.565208349769 -0.119722573407 0.564034373124
0.59491301791 -0.125654337741 0.521301123581
0.625276230086 -0.14117382546 0.481255997551
0.657113094829 -0.162077871127 0.445080613256
0.67895091689 -0.165013794141 0.397181884083
0.703302461408 -0.174199596534 0.351725389752
0.731676187013 -0.193160131248 0.311997979368
0.758958431583 -0.212011020491 0.271435626071
0.787581026891 -0.236211632463 0.234862873546
0.81659319781 -0.27085981778 0.208237400743
0.842614681729 -0.310512753829 0.185917858902
0.867774847036 -0.339543162449 0.15032429083
0.887934016227 -0.355956400695 0.104867811929
0.900442748246 -0.358391303508 0.0540685246589
0.904495625687 -0.347159987825 0.00307007330532
0.908276216921 -0.340458717985 -0.0487920800654
0.911635872543 -0.342698850644 -0.10099375218
0.915423881453 -0.356070259265 -0.151486218411
0.907264731437 -0.358925541966 -0.203130833665
0.887042643616 -0.350220776345 -0.250647768371
0.858724731091 -0.331652618683 -0.290583239436
0.826469211295 -0.303949581701 -0.321158194178
0.795406467073 -0.290484841052 -0.36110935541
0.761636331076 -0.281934203616 -0.400200998059
0.723006043422 -0.270223142131 -0.43356299279
0.682135190747 -0.250236546228 -0.459530957196
0.641448728961 -0.229144176282 -0.484879753643
0.603595562138 -0.221279477303 -0.520202747066
0.57086781242 -0.22275378099 -0.561091265236
0.539323322504 -0.225561990462 -0.602830118933
0.502522558801 -0.213827784968 -0.638348267929
0.464851777623 -0.201727527186 -0.672683247243
0.425938589846 -0.195781444251 -0.70761988761
0.382942177033 -0.187854940299 -0.736577394246
0.335366197937 -0.172326309758 -0.75232864329
0.287554301377 -0.161974434537 -0.771239303634
0.24036201093 -0.146319805646 -0.787746818563
0.19388827513 -0.130578938553 -0.806203223858
0.147952694948 -0.118346406536 -0.828525934674
0.102702876313 -0.112243555671 -0.854566492443
0.057617421839 -0.108794054339 -0.881602132331
0.0140207956191 -0.115525231621 -0.910527487407
-0.0253189831108 -0.132910069185 -0.940401880188
-0.06628685819 -0.148631940527 -0.969063509524
-0.10815960076 -0.166559545328 -0.995288167496
-0.154598144645 -0.181300789486 -1.01451542314
-0.206218764343 -0.185333574546 -1.02243403153
-0.257726846167 -0.177216843829 -1.01751856212
-0.303420729282 -0.157898545455 -1.0007753829
-0.339800843517 -0.128762246236 -0.976904105589
-0.374762145733 -0.100410396741 -0.950137841912
-0.395667658812 -0.063994611672 -0.918856054485
-0.399743224591 -0.023379799805 -0.886061709684
-0.402174583481 0.0170309483454 -0.852858408766
-0.419941144445 0.050783505164 -0.81698965714
-0.451048601322 0.0740746325581 -0.78189461495
-0.49243250603 0.0840754998322 -0.751406332218
-0.540128789435 0.0816748668137 -0.72988893975
-0.590011372248 0.0680147646928 -0.719830095545
-0.637319509824 0.063422849568 -0.697847988802
-0.677237553301 0.0697903774046 -0.664571554133
-0.705857846924 0.0861449640551 -0.623896023964
-0.719993541508 0.111487843764 -0.580278425206
-0.726164263749 0.140458576131 -0.536733339681
-0.738573945832 0.165316603756 -0.492170478014
-0.75981361944 0.182700567833 -0.447480384316
-0.781260419588 0.196486768976 -0.401741898401
-0.791359950426 0.215728077727 -0.354047070692
-0.78621571277 0.238945032941 -0.307301223883
-0.766893815258 0.261263988142 -0.263874508476
-0.743092609283 0.279570093964 -0.220853927968
-0.712727046007 0.29480768937 -0.180905186664
-0.673910911874 0.30713679837 -0.147907004371
-0.639871106061 0.318447312216 -0.10973748305
-0.618240146 0.327218651091 -0.0628396290399
-0.611477846524 0.332257545993 -0.011130191568
-0.619376209547 0.334428045027 0.0406233145053
-0.64369790572 0.331850993821 0.0869380789848
-0.655127508133 0.331657893455 0.138056688665
-0.650522105867 0.334507192275 0.190186714264
-0.637943664063 0.338523534444 0.240876294759
-0.631336198864 0.340272115282 0.292820594107
-0.62990643658 0.340490418838 0.345169414677
-0.630675222452 0.340405808499 0.397600658567
-0.622275926869 0.342778807736 0.449231767596
-0.609642715516 0.346470788623 0.499948403162
-0.601831631368 0.348584358335 0.551744547455
-0.604457705937 0.347965293159 0.604146536971
-0.618360335066 0.344326808205 0.654535981953
-0.615687056591 0.341243420738 0.70675819775
-0.596192731763 0.337672552342 0.755252672669
-0.561205398892 0.334330734268 0.794102840569
-0.517034890575 0.330535717138 0.822001548402
-0.466679371474 0.324610174764 0.835193208841
-0.417369842919 0.313292314672 0.849029793303
-0.367341266926 0.299297661111 0.856026118373
-0.319800868396 0.280856979835 0.867923603373
-0.273874994125 0.259964996779 0.881991826214
-0.226934486633 0.239367342616 0.892864499189
-0.184239684838 0.216250192134 0.912513088707
-0.145394298992 0.191472906555 0.937417344951
-0.107905250002 0.16559338957 0.963288175005
