0.881247505791 0.0748996689037 -0.242394000023
0.848734430516 0.0393405323834 -0.221781526791
0.812507472938 0.00628490589716 -0.20337817385
0.775251463264 -0.0304569149541 -0.20122249791
0.740744173557 -0.0672028871214 -0.215388393251
0.712417022909 -0.100101587265 -0.244654042068
0.693375521668 -0.125667124005 -0.286189196357
0.692169066144 -0.136583950755 -0.338100787066
0.667086564083 -0.161215353526 -0.378552589628
0.63524254644 -0.191500026603 -0.408327343253
0.599427969656 -0.223108376764 -0.429822849446
0.557388549719 -0.253974976754 -0.434808306793
0.513349006151 -0.279168631036 -0.421771278296
0.47230135484 -0.296140963236 -0.394034080365
0.433804947584 -0.305056475355 -0.359664358507
0.403944748934 -0.303703943396 -0.316635466757
0.368449097662 -0.300173300024 -0.277921009646
0.32285364789 -0.304543677771 -0.252483303396
0.275074054982 -0.310320857865 -0.231834496883
0.226860686958 -0.317361572013 -0.212672960096
0.177527681391 -0.326357651469 -0.19760039761
0.126990876384 -0.340301869752 -0.197520356503
0.0761130546184 -0.352070305007 -0.19364052493
0.0256272322486 -0.359978044399 -0.182235424939
-0.0247228113339 -0.367905224216 -0.170125931904
-0.0763320803162 -0.371753626657 -0.162176388826
-0.128066721929 -0.370274015554 -0.153865496984
-0.180333234246 -0.368673843616 -0.157084270098
-0.231556874476 -0.365823495137 -0.168777343139
-0.283135580414 -0.356505919594 -0.176817074679
-0.330461158547 -0.334989461461 -0.166083719894
-0.378422611501 -0.31628268613 -0.176415378494
-0.424086378062 -0.294619345379 -0.190126091459
-0.466391997359 -0.263801418498 -0.192665421451
-0.508137965023 -0.235565373923 -0.206924320424
-0.550651607659 -0.207420748333 -0.219004690228
-0.593248557252 -0.182033478568 -0.235952916888
-0.634503418111 -0.151324842296 -0.245856050863
-0.675102014306 -0.12021072486 -0.257381950657
-0.71514703923 -0.0870715119503 -0.26499268437
-0.751174848496 -0.0498216121482 -0.256854819643
-0.778780938455 -0.0125225155967 -0.231799450232
-0.802822600567 0.0245266838919 -0.203165895179
-0.836025374564 0.0636477879598 -0.192354860974
-0.873898220498 0.0989861195325 -0.200264876588
-0.912421072611 0.12490691669 -0.224578179674
-0.942424845812 0.141456530078 -0.264265831519
-0.971211893534 0.1649618577 -0.301196023205
-1.0001212546 0.201518293685 -0.325100322138
-1.02583017316 0.246281322476 -0.333978174219
-1.04525665527 0.294385424239 -0.326786442387
-1.05624202037 0.340624913802 -0.304778622998
-1.0568361004 0.380183688051 -0.270457230565
-1.04890588461 0.408269476103 -0.226962445761
-1.03545700658 0.421651120014 -0.178148995193
-1.01848461158 0.418959435624 -0.128676444864
-0.99840064902 0.400698416683 -0.0838727355214
-0.980178155386 0.367850474144 -0.0469595227259
-0.956384011626 0.324237455782 -0.0302352701597
-0.934820791266 0.276490519654 -0.0331109451503
-0.921638052158 0.233445945393 -0.0619778555225
-0.90147468624 0.195005040966 -0.0923169805577
-0.868833905951 0.156944730599 -0.109376276099
-0.826983050566 0.126480127941 -0.0985929063318
-0.784708760145 0.108171537878 -0.0733415146735
-0.743970351457 0.0931143544593 -0.0438590816049
-0.700600581912 0.0688317063649 -0.0271172592138
-0.655075325676 0.0430517859913 -0.0304825303232
-0.607996774761 0.0224738971208 -0.0197832316123
-0.561696359954 0.00594399938273 -0.00163319737384
-0.516293504834 -0.00767283937473 0.020648778212
-0.474522214978 -0.0157803734644 0.0512854997236
-0.439366806313 -0.0171544628716 0.0900787150787
-0.405194655071 -0.0167311320073 0.129823505178
-0.37147057591 -0.0151476735784 0.169850192294
-0.33606999976 -0.0140839293883 0.20859285505
-0.293164094119 -0.0183924338254 0.238477389712
-0.252464505729 -0.0203696490897 0.271414684646
-0.210543270007 -0.0236978513206 0.30263910045
-0.169705241442 -0.0264585468434 0.3352848186
-0.123838779407 -0.0334995194233 0.359897567875
-0.0829759896703 -0.0347762030404 0.392702690479
-0.0416631973315 -0.0357198897598 0.424865360896
3.44258272218e-05 -0.036922216834 0.456915131839
0.0467274349208 -0.0426806284301 0.48006344905
0.0912798258172 -0.0452117735396 0.507705333519
0.1394765691 -0.0536067212932 0.52651953917
0.189215898421 -0.0589010651209 0.542059910307
0.240587054892 -0.0617107835504 0.55252046003
0.292635763697 -0.0617956506589 0.558491802978
0.344580349127 -0.0609801582071 0.549472802398
0.394873200067 -0.049555644611 0.559125727589
0.441020640427 -0.0331531838924 0.577849229826
0.491126677318 -0.0177983558203 0.579368086136
0.540526227597 -0.000489160816795 0.573173986806
0.587720408847 0.0204937585904 0.564268963189
0.631818923354 0.0485501360718 0.560874589738
0.671126864754 0.0822328663768 0.569199642019
0.710096042712 0.117228123285 0.569405924316
0.748587776051 0.150400651368 0.556723897709
0.783121635886 0.188155197892 0.543917356625
0.816404069836 0.217737879214 0.515858029531
0.843942471052 0.233770646095 0.47413104325
0.860165843285 0.235955305547 0.424286248944
0.863605501132 0.225100279365 0.373025761524
0.855641973156 0.201898124133 0.326495421294
0.851978631414 0.180014110709 0.278945573814
0.854155878788 0.164653125061 0.228468610072
0.860087175059 0.156397429713 0.176920083108
0.873524128749 0.162110794132 0.126597537464
0.89417014203 0.181724978332 0.0826171621267
0.919782452471 0.214216849092 0.0504666544957
0.944009724147 0.239853641925 0.011754373972
0.962997012636 0.254707812826 -0.0347331609422
0.973743757105 0.256006418171 -0.0859646205673
0.977921048226 0.247848379917 -0.137544783566
0.972845284772 0.227078424351 -0.185375501682
0.958999467277 0.19578829243 -0.225074411454
0.937591724133 0.156187367762 -0.251877812329
0.911617161155 0.112142918001 -0.263302183756
