-0.452955030143 0.589904564814 0.531658097051
-0.49439260174 0.558498428378 0.525398158967
-0.529310312062 0.526148918045 0.503482125194
-0.559113297112 0.492729744753 0.476340803119
-0.586427395419 0.460093025315 0.445840532239
-0.615071634019 0.424874850719 0.419741946676
-0.644455900101 0.384527049385 0.403872081003
-0.669317536029 0.342956896917 0.383981173623
-0.693597892045 0.301216097507 0.363679019877
-0.718755436012 0.259855990207 0.343439662229
-0.746967447039 0.216419870465 0.335520490296
-0.76716619102 0.175598491805 0.309313225414
-0.780455226105 0.139416855254 0.273772861323
-0.783786581892 0.112757185576 0.228753879329
-0.776241484606 0.0969292189372 0.179361637603
-0.756282885353 0.0931339890038 0.131057938787
-0.726318913658 0.101235941341 0.0888674604162
-0.699189173187 0.0926211333786 0.0449153129388
-0.669570715921 0.0808284445122 0.00333315094808
-0.64657826709 0.0533647722798 -0.0349061892459
-0.633022207866 0.0127809117908 -0.0651803124245
-0.623458064379 -0.0337630044727 -0.087714163286
-0.618120048709 -0.0824157734844 -0.106830218154
-0.599793978245 -0.123693364886 -0.133406396556
-0.577165120922 -0.160936387896 -0.162522086704
-0.557651491836 -0.199425445622 -0.192235722646
-0.532510199971 -0.235517301818 -0.220663603259
-0.517683685379 -0.282011423387 -0.239658223941
-0.515836604995 -0.333927759824 -0.246337249557
-0.524099667128 -0.385630263828 -0.2458244738
-0.518046396047 -0.437093409982 -0.253316196332
-0.49792801442 -0.483200926778 -0.267827521968
-0.464309873648 -0.518356778114 -0.287209334635
-0.420726588535 -0.539654487028 -0.306930418102
-0.371646436423 -0.542247100493 -0.325202226668
-0.322377446544 -0.55290541539 -0.33984266883
-0.278488430565 -0.579235662004 -0.351428742681
-0.236385342352 -0.608829849282 -0.36132631553
-0.187309439101 -0.622738017995 -0.373305915596
-0.136312410749 -0.619899873552 -0.38500907557
-0.0884028196458 -0.600184637548 -0.392868212938
-0.0486562714296 -0.566163564728 -0.395781889482
-0.0217942738128 -0.521231630636 -0.393393846462
-0.011132993288 -0.470484042016 -0.385997705613
0.013235042938 -0.425504434572 -0.374853042121
0.0505423359147 -0.391516334674 -0.360919574014
0.0962268311815 -0.371144175247 -0.34539090182
0.147642702983 -0.368879425799 -0.335166468542
0.197506640779 -0.384859096266 -0.330961367722
0.238303916211 -0.417877662865 -0.334089516411
0.264495467476 -0.463201901532 -0.3398248355
0.303775457507 -0.497132294146 -0.330778611056
0.331421789131 -0.540896265162 -0.32104310935
0.355811407474 -0.586220817831 -0.310874747707
0.389613841509 -0.623173040566 -0.295480748562
0.416892707003 -0.665132181836 -0.279422455914
0.430229199486 -0.713944612686 -0.265649619733
0.452518345655 -0.754848375779 -0.241589849454
0.483297867746 -0.782349720993 -0.20928080701
0.518808177573 -0.793918531505 -0.172485228755
0.555210381263 -0.78769499829 -0.135261357534
0.587264608393 -0.766577084782 -0.0996283790968
0.615420644724 -0.731367185376 -0.072982590391
0.636996879729 -0.686158268092 -0.0577186630865
0.649993196373 -0.63547692228 -0.0555209059821
0.653042448201 -0.584396972539 -0.0666552594836
0.643940237318 -0.537700779688 -0.0885433801874
0.64363410991 -0.485997336082 -0.0967906223534
0.652174591892 -0.434740222165 -0.0903523118222
0.669476031909 -0.38994010774 -0.0694319989343
0.686257582715 -0.34523027424 -0.0479200252369
0.693724380016 -0.294252492694 -0.0385016570834
0.686696476542 -0.242582596225 -0.0433182568491
0.666838012513 -0.196922201663 -0.0595205677099
0.637367843199 -0.162776923754 -0.0861229976713
0.603599923053 -0.143365119107 -0.121162504827
0.569811635747 -0.140071361126 -0.16121482056
0.535103773418 -0.125678272506 -0.197693296853
0.500384269916 -0.104686502237 -0.23081571269
0.468805638308 -0.0703006707477 -0.254582275401
0.440045591387 -0.0304387884818 -0.272609532401
0.407281425469 0.00309139614003 -0.295969471207
0.373194710363 0.0349315957862 -0.319781984753
0.344171033149 0.0767553210835 -0.332093862257
0.32206190704 0.124132685823 -0.329087151083
0.309595237922 0.171522466855 -0.310614876371
0.310188770811 0.21510235404 -0.281574782441
0.323705174993 0.250950333042 -0.245763648824
0.340685324274 0.283656431194 -0.208482008983
0.349561817221 0.321690749996 -0.17360714557
0.347391349722 0.363122520643 -0.141667454105
0.345286369126 0.401088251913 -0.105580802089
0.329545853671 0.440566160083 -0.0749902921224
0.300478508017 0.478384364599 -0.0533884899855
0.26526073776 0.512223121432 -0.034522864735
0.235987151914 0.543525668507 -0.0044454671988
0.210794012676 0.57040771039 0.0327665852149
0.193236218362 0.594693477517 0.0757023425525
0.185214227952 0.615134036362 0.123248651189
0.186920283514 0.631370675137 0.173004312659
0.187943135795 0.647044881241 0.222980691695
0.194606858592 0.65870644167 0.273605742232
0.190726209293 0.669673807622 0.324702541151
0.175471189785 0.683024748718 0.372993341232
0.170903306161 0.692563987449 0.424319357712
0.178069703161 0.696813972837 0.476041546414
0.169843817614 0.706923638961 0.526791270694
0.144514295787 0.71912613671 0.571003027333
0.104856136974 0.73076966094 0.603202614744
0.0560572837687 0.74072470907 0.619463165229
0.00413676651718 0.747632356666 0.618438777232
-0.0467951570018 0.750495664901 0.606497312996
-0.0987038565521 0.748253418065 0.613453237866
-0.149534634887 0.741254972447 0.624794772222
-0.200388897372 0.73043500936 0.618288157582
-0.245759992827 0.717100374151 0.595634165352
-0.282773821796 0.701136977767 0.561714666131
-0.323887152507 0.678301839285 0.538553149842
-0.367191840846 0.649201028848 0.532746754018
-0.409951724162 0.619074744406 0.538171271206
