-0.514828670298 -0.640317486801 0.0379110157116
-0.477458745882 -0.668884789151 0.0609987978172
-0.440796841499 -0.701138699767 0.0800060855599
-0.403817215595 -0.734798895311 0.0956118776088
-0.365898596159 -0.767064634574 0.112512772336
-0.330997900887 -0.792597824699 0.142186028007
-0.300972909453 -0.808143296932 0.182270183426
-0.279331008273 -0.811843978952 0.229911056984
-0.265096013975 -0.806118732821 0.280068843225
-0.24620001225 -0.803841298008 0.329160005393
-0.223246630489 -0.802309784631 0.376272711027
-0.200782293961 -0.792033952283 0.422458998821
-0.172460553521 -0.779665330893 0.464750322319
-0.135398592228 -0.772660526507 0.501355004878
-0.101176122798 -0.756937825299 0.537848882085
-0.0614004414237 -0.746840259908 0.570400137333
-0.0208070866359 -0.732778250641 0.600351248394
0.0195090893763 -0.713571941094 0.628103386836
0.0648415540428 -0.698640107041 0.649798385633
0.11258152158 -0.684310544364 0.665972465757
0.154253251044 -0.657767266737 0.683333991034
0.194267790601 -0.626898659357 0.697478205925
0.222286292575 -0.584982266524 0.712081277636
0.252386618201 -0.542803470999 0.720436731452
0.277684900675 -0.496996188389 0.727820368673
0.316646476547 -0.461916306478 0.72974239757
0.354641221206 -0.4256991978 0.731416302407
0.395962576818 -0.392362568012 0.728679115898
0.442377303361 -0.370397531102 0.718315783155
0.481034094151 -0.337173322676 0.706336596938
0.506987365357 -0.292762270369 0.696532816499
0.517765816408 -0.241873337228 0.690530188595
0.512932132172 -0.189738304776 0.689736217965
0.49289600358 -0.141604420254 0.694555296725
0.459424868201 -0.102384456084 0.70381986086
0.428706299982 -0.0599686701763 0.706603465235
0.410462256909 -0.0115601277947 0.698221553862
0.40769438753 0.0375767754096 0.680044839824
0.419229194909 0.0825054716877 0.655538434818
0.44385894011 0.118677909832 0.62661430011
0.472409606426 0.142763089255 0.589795782601
0.498945717482 0.167042018752 0.551720546871
0.51992403539 0.192460979077 0.511015969699
0.536456463698 0.217313816014 0.467979839112
0.557862404334 0.233189454437 0.4228261907
0.585513076733 0.237156944896 0.378540126189
0.615726260233 0.233884514728 0.335906572771
0.652349475641 0.218281691827 0.301893632056
0.688663651746 0.201380892755 0.268163394229
0.719145126645 0.193143137342 0.226400864133
0.739878877653 0.19647077639 0.178438840105
0.749061707568 0.211095763284 0.129005590789
0.743012228465 0.232884464005 0.0817781764996
0.736846217372 0.24999658395 0.0326667206357
0.74191981204 0.256013910013 -0.019101441697
0.75148739497 0.25653830347 -0.070574577732
0.749239849586 0.266174324926 -0.122000047771
0.734376887682 0.285088837996 -0.168525424517
0.708362551416 0.311168851356 -0.20577315404
0.675630321497 0.336633099294 -0.237793314723
0.6529720464 0.353142560863 -0.282028347497
0.630856137874 0.367922695476 -0.327128398005
0.598300463444 0.389421360817 -0.362059458299
0.568565175201 0.407889544299 -0.400996039359
0.529880034344 0.43245112987 -0.426321222046
0.485165890563 0.45794446111 -0.435955638659
0.440897643665 0.4846901268 -0.427688214332
0.395148489761 0.510155953137 -0.428931098345
0.35101534159 0.532033927041 -0.446698012945
0.313049521622 0.548293245313 -0.478878235832
0.285011899739 0.557568808584 -0.52211031682
0.269750640442 0.558757350202 -0.572183157904
0.269051708899 0.551396367548 -0.624056145357
0.251792110611 0.548854345581 -0.673485335322
0.219608405005 0.549866705002 -0.714820507112
0.175717882703 0.554529281734 -0.743033760123
0.125380570327 0.56180456171 -0.755566620303
0.0740515497606 0.57081574103 -0.750138082801
0.0281298662051 0.582519055557 -0.727787026538
-0.00570162688368 0.597385813597 -0.690540655919
-0.0364861147955 0.612024085831 -0.65069117771
-0.0722351396393 0.62456681266 -0.614517074513
-0.115424139961 0.633909713711 -0.586398043287
-0.163206461543 0.636564175606 -0.565114960257
-0.214793138197 0.630700393801 -0.558051894316
-0.262164933479 0.623434489226 -0.536922586745
-0.301385112435 0.621206826733 -0.50228525737
-0.333834185348 0.622022747682 -0.461173289187
-0.376442197604 0.615363620836 -0.431447697411
-0.42402132826 0.600204694795 -0.415698539895
-0.471458062852 0.578035535893 -0.415355017875
-0.514251438235 0.551304667097 -0.429437266156
-0.549835861064 0.521328216316 -0.453584535226
-0.588702973655 0.48739447348 -0.462784437781
-0.627161329793 0.452669065083 -0.45499467127
-0.661619382433 0.419616001451 -0.433273082585
-0.691543194278 0.385156347228 -0.40749250932
-0.717237433955 0.348590092779 -0.380167439966
-0.740912332457 0.305444420966 -0.362289224366
-0.761085395251 0.258559232365 -0.350571795193
-0.779291640949 0.212435401165 -0.333639612288
-0.794343725603 0.162699342677 -0.327154213148
-0.804927136093 0.112001042727 -0.334870820466
-0.810733627965 0.061649864576 -0.348198649752
-0.812478947782 0.00940886905527 -0.351626770757
-0.809285541995 -0.0427626028919 -0.348461916131
-0.802155358838 -0.0918795093582 -0.331763144544
-0.795170471831 -0.135407869562 -0.303481025393
-0.786615935023 -0.181839425812 -0.28075219044
-0.773001538559 -0.230175548523 -0.265898628949
-0.754242816805 -0.273254273697 -0.242728277662
-0.736065623476 -0.312684175761 -0.213461040309
-0.717848915399 -0.350565350707 -0.182237779376
-0.694624880045 -0.390375337966 -0.157332832704
-0.673633762626 -0.425915726948 -0.124926369101
-0.651699956345 -0.463656397151 -0.0958846459984
-0.628446410721 -0.503753439529 -0.0709772393134
-0.604579608211 -0.542034573424 -0.0441756698488
-0.579998713694 -0.57557213461 -0.0120685018914
-0.550270970667 -0.609911889338 0.0141458617746
