-0.441493538927 0.643985898031 0.702421957583
-0.48585269398 0.671829870532 0.701832627047
-0.526103799492 0.706214067679 0.701251151554
-0.571808150576 0.727180233752 0.686580761614
-0.617059778779 0.733790863546 0.66095888111
-0.659248018244 0.753516501784 0.636934409587
-0.69363686324 0.788399349679 0.618298641105
-0.725348424858 0.8234771902 0.595772463014
-0.758584428375 0.844760816957 0.561359140828
-0.789334977369 0.849911847636 0.519286064082
-0.813580422838 0.838198016955 0.474362009786
-0.828091158369 0.81017154014 0.432554446258
-0.831355209776 0.77044300881 0.39856775698
-0.822437897001 0.724378709769 0.375300891915
-0.805685398941 0.67556192607 0.366463519357
-0.790052723732 0.627554524556 0.352359076636
-0.780703405312 0.58454315346 0.323884315333
-0.779456354863 0.551741561769 0.28300142603
-0.786710453896 0.533386749799 0.234388156253
-0.798709575052 0.533915119074 0.183233272815
-0.803083403905 0.519612800299 0.132673075774
-0.79617844278 0.487397233866 0.0917655205632
-0.782448554852 0.447035215161 0.0613013970571
-0.763069679693 0.401909527608 0.0431177162156
-0.74561770378 0.360056760842 0.0168207053501
-0.732134063548 0.324328979975 -0.0190646454431
-0.722823366034 0.2964157386 -0.0623956674733
-0.712602224518 0.269076547517 -0.106089549646
-0.698167407414 0.237307734529 -0.145275265946
-0.681740006763 0.204522027551 -0.182665061644
-0.670078946396 0.180184223834 -0.227538985579
-0.659306412767 0.158971129024 -0.274315845063
-0.641580963205 0.129555778533 -0.313899654011
-0.617052547771 0.092266391711 -0.341324442569
-0.589365491404 0.0522627314823 -0.360759023485
-0.558872523547 0.00996576131301 -0.365840922838
-0.527430066663 -0.0318958069065 -0.365503495046
-0.495233938675 -0.0730379518072 -0.368989252032
-0.464635876434 -0.110511818552 -0.38900698451
-0.438960598329 -0.140367353203 -0.423529973509
-0.409019070343 -0.173856864827 -0.450423374436
-0.374682022042 -0.211626806092 -0.462079824582
-0.339290682399 -0.250210068395 -0.460086532721
-0.303859477677 -0.288262210267 -0.453457650294
-0.268363534021 -0.325218872724 -0.442688325151
-0.231377670085 -0.362101206788 -0.439001104365
-0.194141357237 -0.397167825771 -0.450188986313
-0.156056287433 -0.432177132014 -0.458448591097
-0.116542654162 -0.466352720081 -0.45479240741
-0.0767909227319 -0.495237062065 -0.436667983581
-0.0316718395053 -0.521605995863 -0.433034719053
0.0158142599624 -0.542980170115 -0.427592046711
0.0652232806424 -0.560388298754 -0.427764159332
0.114792951668 -0.572665294331 -0.43933988493
0.15928724406 -0.580249917586 -0.465901106218
0.202601089907 -0.586648393526 -0.494639806557
0.235020713254 -0.590354993918 -0.535635570569
0.254512244907 -0.591358895579 -0.584290229404
0.283655711914 -0.59350388763 -0.627751891071
0.313809460785 -0.596190915421 -0.670595906465
0.357094352863 -0.595356451484 -0.700466666675
0.3875489767 -0.593711641928 -0.743073264664
0.424260871418 -0.593171383851 -0.780577950336
0.47066636826 -0.590577059384 -0.804929535154
0.522289588665 -0.591312639613 -0.814430163861
0.574197295346 -0.594581095579 -0.807464853903
0.6211839604 -0.597183474705 -0.784191384509
0.659888675026 -0.594215678826 -0.748513001603
0.695254045074 -0.585280032602 -0.709953990747
0.730392118827 -0.575578881105 -0.672236886438
0.76591657557 -0.567748808032 -0.634444779169
0.799689266268 -0.560735959018 -0.594903911315
0.836918818689 -0.552157968171 -0.558957248017
0.875215556303 -0.543339935932 -0.522750321516
0.909257705009 -0.534594418028 -0.483623554654
0.934000949213 -0.526516051938 -0.438091560356
0.943567475014 -0.519249079712 -0.386793669024
0.952664279502 -0.511239460674 -0.335677253083
0.953775845009 -0.504651534053 -0.283548839008
0.937673422385 -0.496738375577 -0.234160062828
0.91035388604 -0.487084438332 -0.19042519099
0.888250916635 -0.472369974017 -0.144929662321
0.877557230273 -0.455158690801 -0.0961931000651
0.862577796654 -0.432122212889 -0.0513362707294
0.847009916386 -0.403918562229 -0.00972761945926
0.828402647363 -0.371683217374 0.0273734121502
0.807907497316 -0.335971383025 0.0600635653043
0.796334372677 -0.297986949644 0.0972392124336
0.759330069989 -0.272337960476 0.12553447577
0.714714779788 -0.254019932499 0.146521452022
0.676629627325 -0.231001326194 0.174143653618
0.640118062421 -0.206795681727 0.202843935384
0.610314093251 -0.178231821607 0.235113416481
0.586483621197 -0.146055961694 0.269074376144
0.562698852029 -0.113502606459 0.302523521217
0.537551578065 -0.0807827000515 0.334793550958
0.510795506796 -0.0480755178579 0.365722104061
0.487459697088 -0.0131708400463 0.397215754788
0.455680638978 0.0182678221599 0.424560021976
0.41891805314 0.0471679062018 0.448540706803
0.38155387774 0.0762791502734 0.471177013386
0.343884678356 0.105720469822 0.492769130414
0.307244308705 0.136455429776 0.514210387423
0.276793407042 0.171738991783 0.538153918344
0.240796137655 0.204004858456 0.558347291952
0.202165627634 0.234554622855 0.576179356889
0.161313441771 0.263448757349 0.591634096254
0.123048246601 0.295171358703 0.608546652382
0.086813818106 0.328595472023 0.626545140173
0.0453599630059 0.357787014229 0.639927340637
-0.00248187909456 0.379094901462 0.645551135636
-0.0501712980619 0.400381251519 0.649826524548
-0.0993005623455 0.418662427747 0.650863282633
-0.148101553303 0.43777854731 0.652099920107
-0.189880424766 0.468194895918 0.660802366765
-0.232393498554 0.497708171507 0.66896455276
-0.266148277427 0.535063014545 0.684187958328
-0.302445217205 0.570723498528 0.69697976415
-0.349476945742 0.594165322638 0.698781599286
-0.396404786434 0.617386752501 0.700679634459
