-0.339612402312 -0.269009765177 -0.385108778436
-0.360592300502 -0.311548059298 -0.362890537026
-0.390315391537 -0.349708197959 -0.342793428349
-0.414463133265 -0.390018758605 -0.31950903847
-0.422335170214 -0.431655395031 -0.288748344172
-0.413390193349 -0.4700346538 -0.254274717454
-0.389056636494 -0.501093556453 -0.219854077166
-0.352224055578 -0.521901548219 -0.188997366036
-0.306577189566 -0.530487160358 -0.164818334028
-0.256658316401 -0.525829354235 -0.149685298388
-0.207476511899 -0.508338140865 -0.14558501169
-0.164298458359 -0.479117317897 -0.150593909293
-0.131922850412 -0.440142654879 -0.163870465399
-0.0959084030298 -0.403086151704 -0.172370422551
-0.0527929537292 -0.373424040226 -0.170226329212
-0.00566196678871 -0.355899030134 -0.155559777815
0.03990609838 -0.353573331677 -0.129828200038
0.078314617556 -0.365810589229 -0.0963749854075
0.112147116297 -0.383395387093 -0.0602569238764
0.155027889431 -0.383857712767 -0.0298742114489
0.200663634605 -0.367877853334 -0.00936964953999
0.245677773778 -0.358311004662 0.0164236140124
0.285144185394 -0.362941742924 0.0507208239163
0.315466645968 -0.38098932739 0.0895037752002
0.331731770184 -0.411420777816 0.1289762437
0.333737611035 -0.449784377377 0.164626862425
0.331417729125 -0.486335384098 0.202281551411
0.320122098973 -0.521974734879 0.238950340543
0.309100458628 -0.553112137112 0.27962364333
0.309756061769 -0.573824619855 0.327737456743
0.321633119114 -0.581678407349 0.378149542771
0.34307030961 -0.574975343073 0.425471695741
0.371477733133 -0.554507117606 0.464433838512
0.403775018686 -0.52235419408 0.490258416554
0.436082618092 -0.482388504357 0.500409600815
0.465061967136 -0.439297464061 0.493511333087
0.486219959385 -0.397445883003 0.470129514966
0.500350810171 -0.362803555504 0.433440644689
0.507659139247 -0.339837890703 0.386913732512
0.507359163611 -0.330816362025 0.335312646407
0.496963383885 -0.333125695472 0.283998625327
0.478627403482 -0.342367570031 0.235742715196
0.453149330199 -0.364412109998 0.195580807949
0.424866308952 -0.397037214812 0.165893279517
0.396526845564 -0.438564458138 0.151221526185
0.366574580395 -0.47541769636 0.129116684037
0.337346536889 -0.502190365875 0.0948755674728
0.310158631952 -0.514551725878 0.0517932359865
0.285378100366 -0.509989406274 0.00586375849461
0.265751370261 -0.495173971521 -0.0403675467538
0.253454701741 -0.465740428233 -0.0819113685329
0.249197981345 -0.424389891294 -0.113770969623
0.253771968613 -0.375789282735 -0.132723652602
0.266248763381 -0.325076164884 -0.136496486095
0.281910317604 -0.275714978575 -0.128638885509
0.292745412306 -0.225233549514 -0.119905568536
0.30557564399 -0.178664745526 -0.0994051301687
0.319062812094 -0.136731085244 -0.0705179105003
0.32654408139 -0.0931152635319 -0.0421430867168
0.318833762614 -0.0431170613523 -0.0283837194637
0.300807198497 0.00618128176808 -0.0312313208481
0.280076844163 0.0546161608548 -0.0332179482396
0.258990928104 0.1021513282 -0.026643732684
0.236252346721 0.147679286042 -0.0141812686525
0.217814753685 0.190747608118 0.00922215966334
0.205842787192 0.230632633336 0.0409661021588
0.203183926551 0.264149045573 0.0812405959504
0.208138066921 0.286991986024 0.12814714488
0.210793858622 0.306603275137 0.176626930061
0.208951383066 0.323950906705 0.226004750899
0.195682924559 0.35034116632 0.269260766961
0.185328789796 0.370876632544 0.316320537163
0.174225177402 0.387797903172 0.364627948596
0.155217087222 0.410494237883 0.407869777638
0.127028809236 0.441524110135 0.439335743602
0.0962215017628 0.473929331214 0.466601539012
0.0615131747311 0.508308172954 0.485486672889
0.0252414040171 0.543197088319 0.50019064859
-0.0126678099501 0.57932547115 0.4994685709
-0.0497908590715 0.612934418189 0.484062222238
-0.0843769725556 0.642335921736 0.457690595682
-0.122249750416 0.67504877426 0.442149358698
-0.161147636971 0.709292100642 0.433902561277
-0.201434855272 0.736231131059 0.413906568248
-0.237901833784 0.754954122904 0.381263219709
-0.266332031959 0.767771598907 0.339196748017
-0.294649074995 0.778398868189 0.296059680351
-0.310812284334 0.781801468003 0.246044634883
-0.306676400734 0.772267710948 0.194193668196
-0.294301282938 0.757808550373 0.145141592164
-0.27143613692 0.736954000415 0.102719069821
-0.245211641982 0.713841377873 0.0634878910857
-0.234738450293 0.697770810745 0.0145759265919
-0.219903267578 0.679241468971 -0.0324235641103
-0.205043411066 0.660403656812 -0.0790421926704
-0.205524398565 0.646612655477 -0.129641466308
-0.222423728217 0.636570678202 -0.1782910069
-0.250341407699 0.627092346296 -0.221639019254
-0.287983904479 0.619529764777 -0.257300209583
-0.326210974394 0.606152446689 -0.290557915098
-0.35978100265 0.582877222673 -0.323463387113
-0.377456248329 0.549551537923 -0.359859621685
-0.397987820504 0.514513445291 -0.39296711936
-0.41802149333 0.476249265357 -0.422577979916
-0.440923817199 0.436603603449 -0.448014054932
-0.466534673161 0.396161246981 -0.469421350221
-0.493192776974 0.354515161242 -0.486796045309
-0.519171518464 0.311337939641 -0.501039949335
-0.531525294167 0.262284678719 -0.514574337552
-0.528339686617 0.211174711054 -0.525497781498
-0.509743996076 0.162617777964 -0.53162749823
-0.478105907652 0.120920179584 -0.53285698044
-0.448608702035 0.0777576617691 -0.529631951149
-0.428108084207 0.029825470918 -0.524344831375
-0.423629209906 -0.0217580247667 -0.516426223372
-0.414108274422 -0.0715116589866 -0.503080599568
-0.39042653165 -0.114228351716 -0.48414043528
-0.355727935021 -0.146348656192 -0.461539566735
-0.329646927116 -0.18301842575 -0.434708816955
-0.319418481493 -0.225026130008 -0.405132798758
