0.544518700034 0.325490042301 -0.0682867386058
0.519181865574 0.281248369934 -0.0808512148726
0.489649388809 0.24655497939 -0.1068156254
0.460320618227 0.22411117974 -0.144041391378
0.43115073943 0.210808214527 -0.18567862179
0.398853546107 0.199594993984 -0.225666959372
0.362491913239 0.185716358636 -0.260846701297
0.323102945963 0.159354980887 -0.283248483135
0.279569041898 0.147498569545 -0.310627063469
0.23522759376 0.127863611265 -0.330570856748
0.190086074824 0.113189536362 -0.352945911167
0.144654036939 0.113447608479 -0.379211496229
0.104445052614 0.129468278832 -0.409683194934
0.0684603015648 0.159521110046 -0.433400563595
0.0435197876319 0.202708534503 -0.449669103365
0.00834885221338 0.240213519765 -0.459992226678
-0.0370844321353 0.265680642872 -0.466080017483
-0.088393673217 0.275003834637 -0.471283439928
-0.140080362556 0.267317711961 -0.475225569665
-0.187275199658 0.245191804687 -0.480556173711
-0.230473538857 0.216004285938 -0.486593116399
-0.278520896933 0.196303836546 -0.493336630623
-0.330304217341 0.192696716462 -0.500230584898
-0.380688625374 0.205447295018 -0.506624598316
-0.424652705511 0.233378970766 -0.512047101374
-0.467390052162 0.263399475805 -0.516408809108
-0.502049763968 0.302537814344 -0.519687070274
-0.52270320689 0.35069578892 -0.519913222867
-0.533218399128 0.401835703502 -0.514891448397
-0.561610400433 0.445054334293 -0.506100070459
-0.605550579128 0.473358816519 -0.502064536646
-0.656620619036 0.485092844921 -0.500943920454
-0.708644954336 0.478385997084 -0.502300751632
-0.755099511961 0.454095180525 -0.505995908911
-0.792738351972 0.418043702475 -0.511640417058
-0.817148402487 0.372144804987 -0.518443464357
-0.825726074741 0.320974106723 -0.52602502774
-0.817783735397 0.269687099199 -0.53354408657
-0.802353994782 0.220289872296 -0.542214520775
-0.803160685757 0.168325842908 -0.549478421282
-0.820136241709 0.118999751697 -0.554870659721
-0.853424229078 0.0784560539142 -0.555281290952
-0.88665427137 0.0381727804427 -0.55046025232
-0.904546225333 -0.010529216175 -0.543257786621
-0.90375231954 -0.0620957890469 -0.534088938025
-0.885597900618 -0.110581693007 -0.525655714493
-0.851326654862 -0.149962427512 -0.519669382453
-0.805268273897 -0.175490649667 -0.516919735191
-0.754804037701 -0.189317557627 -0.513961618763
-0.704507168236 -0.201628778004 -0.505840127936
-0.65837668973 -0.220539148885 -0.489815232041
-0.620291091382 -0.248210578133 -0.466872485009
-0.578564953822 -0.270692378497 -0.444628010301
-0.530735162678 -0.278956346826 -0.424903771854
-0.489035400618 -0.297545499012 -0.399221976724
-0.459796360133 -0.327311922063 -0.367572064823
-0.446490888729 -0.363854530043 -0.332504620515
-0.447211593252 -0.403333225663 -0.298036090437
-0.43139764757 -0.435189102971 -0.259584078462
-0.411171836076 -0.463629432608 -0.220555469672
-0.385857369098 -0.487604056677 -0.181450947422
-0.348163473855 -0.498612512018 -0.146683021683
-0.307340076092 -0.504282619227 -0.1143106669
-0.267612946781 -0.511102473447 -0.0808209285328
-0.229079388545 -0.518987419516 -0.0461394743014
-0.184153037537 -0.513813022154 -0.0194904035013
-0.140933893892 -0.513162606158 0.0105449680629
-0.105652839792 -0.516346076899 0.0491794849387
-0.0817613200577 -0.530351966294 0.0937607121675
-0.0656280054438 -0.550586075371 0.139301343436
-0.0451721866062 -0.567334854689 0.184553919948
-0.0183504327339 -0.576584210056 0.22856397753
0.0166943736555 -0.573853959641 0.267376439968
0.0538949305894 -0.564979989114 0.303153089612
0.0822983840926 -0.566228958239 0.347136419027
0.116187770726 -0.558325048543 0.3862699553
0.152586921719 -0.540952879068 0.419725028851
0.182110094675 -0.533666656784 0.462373812704
0.205728944648 -0.528272474646 0.508808917503
0.224457305895 -0.521414463776 0.557232692212
0.23388683767 -0.51813413697 0.609027385074
0.240646237311 -0.511430004471 0.660551202585
0.245603637957 -0.498900309895 0.711323015656
0.253946836304 -0.475300767194 0.757460342782
0.265855994697 -0.446132985324 0.799484843921
0.293130671159 -0.409878012329 0.826436436727
0.316720904283 -0.370387182155 0.851617022858
0.339588412206 -0.326795643883 0.869730988982
0.366689820923 -0.283130931547 0.879897886502
0.396793393145 -0.240300346208 0.878361738581
0.428561940902 -0.202544047261 0.860784498202
0.460521130456 -0.163140602356 0.847768495797
0.491440715153 -0.120946999225 0.845023656154
0.522397145505 -0.0828826874077 0.826712372789
0.552297384753 -0.0469101944776 0.803151820417
0.580841844202 -0.0149457526779 0.772944413462
0.608284439234 0.0129906067926 0.738124709669
0.638424357347 0.0499778005864 0.716528420793
0.668536122693 0.0899827466756 0.700729460651
0.696749640326 0.131651076287 0.685700174866
0.720658292344 0.177035547308 0.675045642961
0.740350846554 0.22407554366 0.662024347973
0.754812062576 0.271650852645 0.64406464437
0.763450807712 0.31397314339 0.613626169722
0.765440611556 0.352036150376 0.577640402933
0.760624182153 0.38781441975 0.539455645179
0.748204394559 0.423248410118 0.502826115226
0.73274353881 0.455218090915 0.464075902716
0.718179198551 0.480831199466 0.420637152405
0.702794295113 0.501170713844 0.374824123871
0.685387683254 0.520167068518 0.329200556224
0.669957478267 0.532358953801 0.28063280975
0.655190351316 0.536980342719 0.230463400827
0.63946095137 0.541753340807 0.180666760394
0.626138558699 0.531928031128 0.130921690033
0.615513359503 0.510158097663 0.0844437293157
0.607548317294 0.48536271841 0.0388047694395
0.595949720026 0.456023490596 -0.00309185250638
0.583550574093 0.416843082893 -0.0355817070449
0.567654425723 0.370494815453 -0.0542601418962
