-0.381894660356 -0.319928280715 0.43952202055
-0.410260162688 -0.326622903158 0.396014529155
-0.448399716553 -0.322589640304 0.360360652147
-0.489197992972 -0.310653480834 0.329749893078
-0.526936565568 -0.297655206034 0.295801538659
-0.56538881635 -0.282851734573 0.263386153917
-0.599579855694 -0.269841275473 0.225714137767
-0.629811093381 -0.259097308436 0.184275667499
-0.661207152643 -0.246410108018 0.144318357492
-0.692279614494 -0.233154629392 0.104283326943
-0.711152442045 -0.227440706021 0.055763008338
-0.735661850391 -0.216950813694 0.0106593276815
-0.759929626851 -0.202438046776 -0.0334193433361
-0.7931255491 -0.178467511589 -0.0660675753883
-0.82845953471 -0.15047853905 -0.092782284907
-0.864421795374 -0.120987849854 -0.11687581363
-0.891242411399 -0.0965487804401 -0.154646301995
-0.907158496762 -0.075084594725 -0.199685389692
-0.9168565933 -0.0553078810172 -0.247198746826
-0.92805600507 -0.0333784950014 -0.293404424885
-0.933205045811 -0.0129549911291 -0.341346653792
-0.940986759918 0.0108810177035 -0.387405081368
-0.939762227682 0.0286056519849 -0.436655317466
-0.924360568438 0.0361866400151 -0.486212502651
-0.899134230852 0.0337383919895 -0.532127060815
-0.865738359129 0.0202662886759 -0.570196343707
-0.826950368245 -0.00293294569118 -0.596754910228
-0.785000350342 -0.0289711532793 -0.61423096679
-0.745552408049 -0.0446376329096 -0.645053821273
-0.710810719008 -0.05074267866 -0.683786049452
-0.678381119218 -0.052197393846 -0.724872946558
-0.650432576186 -0.046418437173 -0.769227097193
-0.613566387245 -0.0521879895512 -0.806134944944
-0.568231471485 -0.067629834996 -0.827415881062
-0.520919781504 -0.0898171199174 -0.831121595791
-0.476944531809 -0.11530905511 -0.818452203387
-0.440869622472 -0.140903320559 -0.790391577699
-0.416100033708 -0.162571627534 -0.749634831617
-0.406167452914 -0.178839537573 -0.70081752919
-0.380110083941 -0.19589508281 -0.65870975193
-0.34152897363 -0.212194747242 -0.627264136494
-0.294009788113 -0.226535510136 -0.610552937711
-0.242907945872 -0.237277836901 -0.606236664904
-0.192331596523 -0.243693921202 -0.618614490167
-0.140945523844 -0.250218659982 -0.627066181986
-0.0907386160265 -0.253651142678 -0.642370161122
-0.0389612795949 -0.261876725356 -0.63873735283
0.00836772909736 -0.27000783404 -0.61732501447
0.0525906337152 -0.273373329325 -0.589348732502
0.102870525764 -0.267298887218 -0.575556528686
0.151069288359 -0.258964686279 -0.556708109661
0.191435091061 -0.253820921754 -0.523664782664
0.221272632131 -0.25414685614 -0.480622125541
0.239253539732 -0.254644882967 -0.431427796889
0.269507587938 -0.250388644573 -0.388829415913
0.308769813607 -0.242717383643 -0.355024710179
0.353894686939 -0.234341975835 -0.329740481472
0.394509345834 -0.218929683425 -0.300378529492
0.440390204511 -0.196625371878 -0.287725353487
0.489017152804 -0.179021693818 -0.278941222581
0.528221442806 -0.157478528855 -0.251505337312
0.575536591522 -0.136367246892 -0.243483143106
0.617491920518 -0.115818652088 -0.21968018932
0.663515263166 -0.0935979452429 -0.208207695718
0.704113818596 -0.0709080801669 -0.184109746321
0.741779950287 -0.0443208030338 -0.159282446731
0.775871382965 -0.0124984871651 -0.135482247655
0.810772644351 0.0234903448099 -0.120370461091
0.846277007778 0.0619440719909 -0.118662750314
0.873116544704 0.104161948494 -0.103165994381
0.897156782218 0.14921652921 -0.0911835079538
0.917480901046 0.196369934954 -0.0808896478708
0.927074872833 0.241968567444 -0.0570114082519
0.924609304244 0.281108516721 -0.0223118064311
0.914494467735 0.316448156765 0.015054633521
0.892102762567 0.338659457601 0.0570156022253
0.862158383518 0.355851766069 0.0965836727519
0.829581382863 0.357288011163 0.137645947325
0.797177766877 0.356522150767 0.17876762594
0.764556191342 0.359721611962 0.219850163136
0.735096058234 0.378420800198 0.259170556855
0.710816220489 0.409646073788 0.293845377525
0.689866717043 0.447019033715 0.324240896423
0.673179695753 0.489512919466 0.349981941874
0.656171288224 0.535788435788 0.367816395343
0.631732048079 0.573162657773 0.395225668055
0.602861677483 0.606742061637 0.423180863304
0.567845244058 0.626200317371 0.456897596562
0.529736249902 0.629496084539 0.49264851956
0.492458032712 0.616272967487 0.526950371761
0.459937039073 0.588023913096 0.556709397604
0.435645815397 0.547528928289 0.579331995736
0.423022666116 0.498752307779 0.593648870871
0.422560918228 0.44649989756 0.597368397657
0.433333719462 0.395902510285 0.589124610309
0.446831998485 0.348208556009 0.572164613432
0.444735935237 0.296913032498 0.561729652353
0.426386110068 0.24799328492 0.558090738487
0.398089893423 0.204712633005 0.566294420986
0.361799838971 0.17169960802 0.584579194786
0.319326123962 0.153264961678 0.609031292214
0.277282588937 0.14987899746 0.64004922729
0.235573192259 0.151375282911 0.671740791374
0.191445104073 0.137595942371 0.696414658846
0.148703489234 0.110728655837 0.71047601304
0.112175047314 0.0732330872097 0.713034417479
0.0862660268709 0.0283128362563 0.705453874394
0.0659706712223 -0.0182724966718 0.692824919707
0.0375396680255 -0.061465931502 0.684436879017
-0.00284476672697 -0.0947655631119 0.682570004966
-0.0511360693654 -0.114527916567 0.68708877223
-0.101390937719 -0.120476026931 0.700582978089
-0.152157878304 -0.132990754358 0.703240857275
-0.200261947305 -0.152019923041 0.695141608922
-0.240398663354 -0.178717464131 0.674674310796
-0.269635244754 -0.209654595578 0.644146035592
-0.288212801462 -0.241427053494 0.60684053232
-0.308791994312 -0.2689694101 0.567346621264
-0.329058950577 -0.292680281807 0.525119482345
-0.352869680623 -0.31073040429 0.48212844401
