0.274247405121 0.953395879804 -0.0183312117988
0.287268699879 0.946170161031 -0.0685477868387
0.299517905556 0.938175949705 -0.118856836829
0.300537592776 0.926122459104 -0.169895403211
0.287900489549 0.910175730782 -0.218256521978
0.272561381718 0.888960274573 -0.264037040804
0.25075179918 0.862299181902 -0.303481324165
0.238699002821 0.83315559049 -0.345314877178
0.23734429552 0.806417552508 -0.390342927658
0.226794331563 0.776754203847 -0.432189566911
0.202234225801 0.744954678367 -0.46576671129
0.166005869598 0.714239992707 -0.487803393529
0.122394448707 0.686131722214 -0.494829079829
0.0766286011501 0.662539514551 -0.485313778255
0.0339433513981 0.645435167837 -0.46025745893
-0.00422230736239 0.631182738676 -0.427318494784
-0.0423290379724 0.603333069891 -0.404609536973
-0.0784296805461 0.566276430976 -0.39637909044
-0.109660086388 0.524844091829 -0.40350937788
-0.13243404496 0.48291645263 -0.425077449653
-0.144596453351 0.444919331727 -0.458997595949
-0.163598408229 0.402713455738 -0.483523430039
-0.190654450939 0.358954614977 -0.493398442951
-0.219933607646 0.316372513637 -0.484727051156
-0.246926194713 0.275896970269 -0.465186601724
-0.269211110452 0.228516735204 -0.46324121849
-0.289123210596 0.18139321504 -0.452095265142
-0.301946691498 0.130624210464 -0.451688950736
-0.313790479862 0.0796131555004 -0.450782772468
-0.320850084885 0.0285197563492 -0.460200937571
-0.325474413909 -0.0220088805178 -0.473189582324
-0.335030405391 -0.0734534615367 -0.470861217663
-0.345819577563 -0.124477784173 -0.465668400492
-0.350451448319 -0.176406824854 -0.460686073409
-0.348563580218 -0.228527295432 -0.466010248523
-0.347676228339 -0.279043980701 -0.452101570006
-0.346666313578 -0.324336618276 -0.42585449939
-0.338045803663 -0.372871733904 -0.407853184561
-0.32052458013 -0.422109494589 -0.403932736926
-0.296570435272 -0.467675186546 -0.413608238333
-0.271127450666 -0.507198175567 -0.437020612687
-0.245432787373 -0.549945662021 -0.452982812708
-0.219429648557 -0.595516864919 -0.453205114743
-0.191852103049 -0.639167630802 -0.444231896969
-0.160770494198 -0.681284676641 -0.442927242965
-0.129128636307 -0.721089880328 -0.430418105847
-0.091747964838 -0.757639639361 -0.426341498761
-0.0520043400071 -0.789833038791 -0.437933849778
-0.00893911480599 -0.819113720885 -0.443591121754
0.0333879989373 -0.841539831779 -0.464812666803
0.0737443357614 -0.857110666706 -0.494470231163
0.12057281496 -0.873892313111 -0.511520723933
0.170425287166 -0.889764029936 -0.515010002568
0.220224508093 -0.903935531037 -0.506951392275
0.264770459431 -0.91684547612 -0.482577390604
0.299266274044 -0.927136439525 -0.444493991256
0.320092728913 -0.933847634919 -0.39685267899
0.324615701777 -0.936141567828 -0.344645413711
0.312364171686 -0.933345154664 -0.293745699642
0.284843883246 -0.929669028323 -0.249260455245
0.250717928182 -0.925094516213 -0.209812157616
0.227794002354 -0.919661512286 -0.163043186287
0.197753809494 -0.91347346215 -0.120532386872
0.164967602728 -0.90638586617 -0.0803144171395
0.131606316701 -0.896555930067 -0.0411354512425
0.0925145134103 -0.882536693669 -0.0092359918147
0.0572205647726 -0.86400256783 0.0247108545528
0.0202269792372 -0.841597131037 0.0542196837434
-0.0129810947864 -0.814838926682 0.0846536675459
-0.0388166028341 -0.784386508853 0.118582654608
-0.0665207283235 -0.750060735676 0.146789774257
-0.0970451657354 -0.713780016385 0.169021351757
-0.115903501947 -0.673712428926 0.197017100594
-0.131785041066 -0.632414690985 0.225195997846
-0.140297453708 -0.59195863938 0.257554651501
-0.135998193734 -0.555865696404 0.295426960783
-0.121878395332 -0.525122203119 0.335384126536
-0.105501797468 -0.495142447673 0.375080696845
-0.0770855957346 -0.47288245687 0.413530614317
-0.0607960300208 -0.438456737472 0.449640678156
-0.0579454684573 -0.396248342463 0.480712443897
-0.0589710356103 -0.353088630125 0.510515665593
-0.0442973851615 -0.31628665286 0.544802695678
-0.0158027267778 -0.288757153628 0.579058126139
0.023337587113 -0.274637724238 0.610891834004
0.0527724451511 -0.248246241011 0.645271879497
0.0696141618721 -0.21077247454 0.677763175356
0.0723264182754 -0.166308154482 0.705321841379
0.0604310876213 -0.119487056064 0.725582225398
0.035956154042 -0.0746102881772 0.737201843804
0.00150028039655 -0.0331833328929 0.736394593036
-0.014771966934 0.0175076107454 0.739464216898
-0.0138172382245 0.0692111272455 0.748337145045
-0.00539733812796 0.120413250616 0.756134051284
0.000866646908244 0.172569096623 0.758458538212
0.00269497462018 0.225018067633 0.756682995754
0.0100263928618 0.276863977537 0.757730335857
0.0180380550673 0.328940973223 0.758508457097
0.0117268480883 0.380336240367 0.750402541382
-0.00511083576451 0.427563814928 0.735280957955
-0.0208470106654 0.47352946593 0.715302133345
-0.0283792507151 0.521217396536 0.695012631825
-0.0231619061432 0.570687135936 0.677707547862
-0.0277088960533 0.614769912772 0.649129154613
-0.0307152215936 0.65585394782 0.616735447296
-0.0256446283331 0.697051272465 0.584723922965
-0.0205900058501 0.734276897907 0.548162962501
-0.000267870940182 0.772072585294 0.518081122388
0.0319572488355 0.807768311329 0.497223235632
0.0590506996059 0.839636657566 0.465718886444
0.0745302097986 0.865229938711 0.42271479778
0.0853756711104 0.884673725653 0.375278086311
0.111724715444 0.903611685689 0.334144189846
0.150431046968 0.923552601862 0.305033091699
0.18687432059 0.942918436293 0.272789048432
0.211649637278 0.957627269107 0.229047227775
0.223041915984 0.964078612154 0.178334115506
0.218714446469 0.960786923374 0.126216426452
0.232428285086 0.957676482914 0.075732591286
0.261991031213 0.958035221558 0.0323813838928
