-0.0643850369679 -0.857116401316 0.0106643543279
-0.102276461008 -0.877192582018 -0.0195464183035
-0.138155122383 -0.890748927079 -0.0552014497694
-0.166416262234 -0.890483133961 -0.099302914382
-0.185919932232 -0.875741205769 -0.145705369768
-0.199212877644 -0.848321324638 -0.188336704583
-0.202036910625 -0.809865839995 -0.223792001616
-0.194844852301 -0.763914162152 -0.247889843884
-0.179314565557 -0.714654903169 -0.256651970847
-0.163180360748 -0.664907102814 -0.259698405133
-0.152975061242 -0.614179650553 -0.267838411092
-0.15464939533 -0.565366015798 -0.286768376399
-0.168502997758 -0.523259047149 -0.314670659432
-0.193084829526 -0.49206106101 -0.348808152833
-0.226027548295 -0.475239528026 -0.385883951713
-0.263782323484 -0.474101010054 -0.422162928437
-0.30280165047 -0.48163543005 -0.456421933017
-0.342326516221 -0.490103692364 -0.489931515688
-0.383675025312 -0.497946506203 -0.521118026656
-0.423849905874 -0.491926409909 -0.554204185045
-0.457421114876 -0.467258972133 -0.586030870294
-0.49563205802 -0.452118648218 -0.618475153956
-0.535589871406 -0.441658536621 -0.650718663311
-0.577043636297 -0.430072437636 -0.680636146823
-0.622472959089 -0.422854038076 -0.705689365431
-0.66425154019 -0.399352072955 -0.726888353952
-0.69778745626 -0.362411208597 -0.742891314664
-0.719287676547 -0.3153991436 -0.751316479462
-0.725436753482 -0.263476543775 -0.754227346019
-0.717181519389 -0.21184099469 -0.751496753998
-0.693506711892 -0.165825893597 -0.743108543838
-0.671615313514 -0.120018421181 -0.730288821261
-0.64554980452 -0.0785571739288 -0.711688335992
-0.608315644715 -0.0512826530342 -0.686714399055
-0.568565930734 -0.0281123472396 -0.661690929374
-0.531309766731 -0.000599349516274 -0.636773035891
-0.497568216984 0.0309986625667 -0.611676497393
-0.463833074725 0.0618574999019 -0.585861639361
-0.426063313755 0.0859665963159 -0.558687871816
-0.387460585409 0.107764791128 -0.530655329622
-0.350331393205 0.131219140308 -0.501718289501
-0.313983615744 0.154987454887 -0.471936778071
-0.276571531913 0.176113426451 -0.441958987387
-0.2374629622 0.19270645541 -0.41116122213
-0.204716121227 0.219427520587 -0.379871765867
-0.176661878405 0.25092533533 -0.348832880748
-0.148595003876 0.281645639561 -0.317053979511
-0.121808950263 0.312991988106 -0.284695978232
-0.100691998578 0.349085352581 -0.253116405814
-0.0892799831469 0.388374434797 -0.220220476056
-0.0896529298608 0.433848205004 -0.194080286385
-0.0956917865415 0.481356495368 -0.172751064477
-0.0912113579879 0.525611669001 -0.145054981286
-0.0843402367838 0.568446979215 -0.115693795048
-0.0752648242756 0.610958887053 -0.086473650516
-0.0700448350515 0.655256960582 -0.0590131560747
-0.0522380010875 0.690960255377 -0.0250574127494
-0.041010743845 0.731264331874 0.00646069175676
-0.0449330743578 0.778034430265 0.029712224492
-0.0566797074244 0.825701439703 0.0479388761491
-0.0549882260191 0.869202342688 0.0770424213023
-0.0407223615926 0.904404547101 0.113088538474
-0.0153279880728 0.927818998305 0.152444091158
-0.0018934816149 0.962050206073 0.189716807294
0.0124700196177 0.994589682397 0.228166774592
0.0351850959051 1.01268474978 0.271772491897
0.063625230867 1.01353213051 0.315756896113
0.098105006563 1.00050333979 0.353013107454
0.134828233866 0.9747210272 0.380090694962
0.170783466402 0.939182683629 0.393828449014
0.20335569828 0.898199894746 0.392636660033
0.237963626514 0.85909511544 0.399466990785
0.274299289313 0.826967636785 0.419650742655
0.310008629773 0.805387598151 0.451496981549
0.341030309293 0.797119584263 0.493002231192
0.362542702372 0.799287889943 0.540736146882
0.389916039872 0.787751338665 0.583850720208
0.421300998808 0.76254330436 0.617331200437
0.453333293736 0.726338899757 0.637455334799
0.482513218131 0.683173573959 0.642707305071
0.506266442162 0.636674136288 0.638302160979
0.527559793053 0.588865284332 0.640099950408
0.540468338588 0.538961688377 0.630891884655
0.553377606535 0.488532386125 0.636616170948
0.560044618114 0.43724113723 0.628401301504
0.560242574114 0.390092034601 0.6056090835
0.553818350321 0.351399288483 0.570916120256
0.541978772754 0.323582289955 0.528170106627
0.529713242876 0.294904465781 0.486116381524
0.521488173859 0.255851818516 0.452201700915
0.518999102227 0.207335798913 0.432509300337
0.516832275909 0.157661336523 0.416094362179
0.510805936399 0.111966450009 0.391148538974
0.509389574419 0.0610231204627 0.378700161101
0.512808666722 0.00878080655314 0.38207191421
0.51526242788 -0.0424342873548 0.392710389181
0.514939867839 -0.0923995474637 0.408405844023
0.505551211374 -0.143909152004 0.408844749527
0.489845835522 -0.191518862578 0.393727004764
0.472240009539 -0.236363794013 0.373178966697
0.45695177567 -0.286182164692 0.367738708806
0.44150330913 -0.335907626213 0.374477293441
0.424310274633 -0.38331527205 0.388555034931
0.402581507727 -0.430751034644 0.392945963892
0.377602964809 -0.476631826215 0.389125066768
0.349811368275 -0.519483885432 0.377141900237
0.320949607861 -0.561337987501 0.363739815012
0.290584587755 -0.599498990114 0.34416976827
0.259437532247 -0.637086868639 0.3251909294
0.229097925316 -0.678825851854 0.316341024704
0.202139962954 -0.723419386078 0.321474751469
0.173987006674 -0.767425659814 0.326218774394
0.142195697401 -0.808444177533 0.319147346512
0.10813214645 -0.84418776879 0.301721971689
0.0744070555529 -0.869545290883 0.270695696975
0.0444493824051 -0.881830465268 0.229530825129
0.0214486579689 -0.879956509731 0.182515917858
0.00780113419423 -0.864245979494 0.134452835197
-0.00447795282325 -0.84312555661 0.0880976016321
-0.0283940468968 -0.835500223271 0.0421121287432
