-0.618316116586 -0.715436723699 -0.239266079477
-0.633018163271 -0.680649651262 -0.275546807781
-0.643683604177 -0.643034403301 -0.310559649882
-0.644771499174 -0.606103120435 -0.347687799657
-0.651682358098 -0.562524076999 -0.37588898817
-0.65524466463 -0.516877535037 -0.401315699932
-0.645411654587 -0.474908901917 -0.431050255262
-0.626990791117 -0.435946907555 -0.460813885975
-0.616814563044 -0.387488762029 -0.477863665485
-0.617231349196 -0.335176986367 -0.480294377714
-0.626621322158 -0.284655776336 -0.470242102989
-0.644178684542 -0.240331596353 -0.448567073595
-0.666514305045 -0.203894371034 -0.418166140802
-0.695580685638 -0.184430197928 -0.37908591305
-0.71523292799 -0.152938751886 -0.342064472458
-0.720960091053 -0.108076464818 -0.31527032646
-0.738753465869 -0.0761708116397 -0.277693353184
-0.76294783324 -0.0566514551424 -0.235545748784
-0.780876027054 -0.0270855974162 -0.196212280757
-0.789304906212 0.013070537086 -0.163691568514
-0.786693360954 0.0605171868454 -0.141710638346
-0.774402029255 0.110185957456 -0.130572088312
-0.765867872861 0.158750132814 -0.112883071807
-0.768511998643 0.200496797781 -0.0813443245105
-0.766484224458 0.244619043831 -0.0530113647916
-0.752660850223 0.292905057538 -0.0375124420204
-0.740753985173 0.340022753895 -0.0179950017642
-0.723379513594 0.387878480721 -0.00471483265678
-0.706297199316 0.435110358721 0.0100645856093
-0.68700718287 0.482167174915 0.0230525785004
-0.666717716923 0.529063850477 0.0347903581949
-0.646727518583 0.57584006907 0.0487570770422
-0.62815117083 0.621913801117 0.0654834015096
-0.60011895938 0.666095707538 0.0675170198789
-0.56755751019 0.706488546144 0.0598431617486
-0.538670943527 0.750091248721 0.0634336265224
-0.513364685788 0.792354259234 0.0812870529963
-0.494959801392 0.828828576971 0.114078319501
-0.463517545899 0.863614111891 0.137650766756
-0.422642074308 0.894426400752 0.14886888173
-0.376316075722 0.918848245405 0.149056880539
-0.327604937921 0.93809133114 0.146325252715
-0.280361260734 0.956993074031 0.158764595512
-0.230043468698 0.969826634104 0.166308352922
-0.183353177586 0.981631013175 0.186919773653
-0.131540832277 0.985641108453 0.193528678057
-0.0802115065055 0.980426052604 0.184447429615
-0.0355121103738 0.967170602889 0.160495323052
0.00285436157098 0.947575434257 0.13060635227
0.0488642764438 0.926509617871 0.116219326378
0.0950705499266 0.904012826935 0.10600491289
0.14357333369 0.884281566436 0.106660696132
0.191079144782 0.861932627149 0.103186465578
0.238352066867 0.839342179172 0.101237048978
0.284199095515 0.814737877597 0.0950148569198
0.322724634545 0.785777301144 0.0744114639593
0.365131381033 0.757621399711 0.0619255166163
0.411274344435 0.732570944774 0.0612622439267
0.452757760547 0.703232426334 0.0482583727396
0.495338363745 0.674443479816 0.0381802913996
0.537990874996 0.64570705536 0.0280499182386
0.580933802062 0.617366690399 0.0179833167156
0.627157379882 0.593976497964 0.0261679182924
0.669528866546 0.563753798596 0.0319982164468
0.706029608729 0.526310807041 0.035932963746
0.736026497111 0.483395087653 0.0348499404336
0.765805140095 0.440669044869 0.0407568503885
0.798547005058 0.404801904529 0.0604104916348
0.829743779526 0.369695271509 0.0839033303249
0.857558708215 0.327277183923 0.0972510208711
0.879835995017 0.280417298687 0.105384393735
0.893043908523 0.22998723397 0.0990604323882
0.902523491571 0.178602377203 0.0955923299668
0.912409883531 0.128956260882 0.108987434429
0.92234735328 0.0864301248532 0.137881011569
0.929056105319 0.0524028974868 0.177186103992
0.931884713072 0.0174448847722 0.216152471295
0.934276741682 -0.0172726292357 0.25529063037
0.930208010525 -0.0605838911593 0.284427701998
0.919106977848 -0.109544931503 0.299291815774
0.903271767667 -0.159447172029 0.29985159244
0.883802009292 -0.207579693985 0.307035604441
0.860057080639 -0.253758431839 0.31389224508
0.834908196086 -0.298588975123 0.303800305495
0.809220652489 -0.337731501953 0.280321299559
0.781655629617 -0.371876437699 0.251756856579
0.747890658623 -0.409589201426 0.238381109313
0.712034760334 -0.447795914755 0.237729084069
0.671543498067 -0.480646675694 0.231825043324
0.633356513768 -0.510160591278 0.211450261003
0.600452765092 -0.533064105618 0.177730979395
0.568149477197 -0.55529215148 0.143000079663
0.54481438934 -0.566779288752 0.0974155400369
0.518860051478 -0.579662536781 0.053730829772
0.483933717445 -0.601161077292 0.0210877802764
0.443666252715 -0.629395589141 0.0029570712896
0.40210168569 -0.661291403827 0.00150214373467
0.364190919382 -0.693773092971 0.0176094594912
0.327695245233 -0.725811233472 0.0372293009138
0.292009672813 -0.755747680015 0.06121244906
0.251870507135 -0.782372669168 0.0818391786974
0.209721008758 -0.804237604744 0.10422097956
0.161265714406 -0.821945901139 0.11329810568
0.110818723648 -0.834821507291 0.10706283755
0.0659075253956 -0.843689033478 0.0810703630971
0.023534849668 -0.851593414012 0.0510178825431
-0.019839022346 -0.858917300374 0.0226224252277
-0.0644861348202 -0.865687679263 -0.00402734629841
-0.112984323785 -0.873347327752 -0.0222743059767
-0.155589915549 -0.877529797939 -0.0524184163689
-0.195252912849 -0.880629808746 -0.0865400584374
-0.243990002421 -0.881348519185 -0.105872815711
-0.295160906884 -0.878848070537 -0.116840402069
-0.340698863575 -0.869545220625 -0.141072868829
-0.374757418198 -0.85581660456 -0.178459469085
-0.418654865185 -0.839053568818 -0.201643635164
-0.467569331816 -0.821183092658 -0.2073974083
-0.51565373289 -0.804397726932 -0.195100001837
-0.561836783893 -0.780074313455 -0.190683920958
-0.601928686789 -0.748324757353 -0.201949160569
