-0.661135455004 0.671743384816 0.0389245581632
-0.703400369336 0.640957602755 0.0360433981617
-0.738059554453 0.606056361361 0.0181028141602
-0.764053188828 0.573560910848 -0.0136709893453
-0.786244592093 0.542265115128 -0.0494347520479
-0.804077129474 0.512680624768 -0.0889213763572
-0.814952606785 0.486807536647 -0.133196947223
-0.820618101579 0.462864943841 -0.179581471959
-0.819608708934 0.439535719297 -0.226455529204
-0.816396538573 0.414657147331 -0.272433362561
-0.810761192253 0.386644081656 -0.316311670177
-0.805679927813 0.353077536838 -0.356559210872
-0.793873276218 0.319696554973 -0.395219656734
-0.779657594887 0.283773836537 -0.430587339991
-0.762472815569 0.245889808201 -0.462468694568
-0.739052010438 0.20872170966 -0.490988505049
-0.721482379107 0.165943513672 -0.515542715445
-0.707213740396 0.119231338942 -0.534505293079
-0.692811185754 0.0704047030166 -0.5469186206
-0.679971824738 0.0207656133275 -0.557959422518
-0.664648958734 -0.027758130814 -0.570572225778
-0.649501365387 -0.0765984777434 -0.582232642147
-0.632038794401 -0.124568652594 -0.594136710632
-0.617929676732 -0.17423198203 -0.603237223914
-0.605974427809 -0.224746751403 -0.611364075835
-0.58249952724 -0.270956235339 -0.620740031788
-0.542529698701 -0.305253388003 -0.621499502905
-0.496043111605 -0.329818297743 -0.620538694784
-0.44917903819 -0.354067386948 -0.619290806524
-0.398505220917 -0.367232794279 -0.622578125917
-0.349086301373 -0.384568282588 -0.625155833013
-0.305973264211 -0.414444106212 -0.624354329289
-0.261806499947 -0.442496614757 -0.620484415405
-0.215904171136 -0.467572764569 -0.616758698739
-0.173374409488 -0.49771690994 -0.61053380837
-0.132397799626 -0.529573509525 -0.603480547443
-0.102255024877 -0.570647216962 -0.591339722863
-0.08214561969 -0.616539520257 -0.576017190475
-0.0637069762468 -0.663024137769 -0.560200993671
-0.0479349893657 -0.709774736661 -0.542638941488
-0.0236196682037 -0.752901176253 -0.525566841949
0.0139702683925 -0.787184053136 -0.513093801254
0.0607824867991 -0.809462128087 -0.50547211389
0.112473663713 -0.815362303092 -0.499318966626
0.163873854541 -0.806502840827 -0.494694105184
0.213407123078 -0.790514110552 -0.488529615275
0.256620840263 -0.760921283839 -0.48532099085
0.291702395733 -0.721955822394 -0.483393166799
0.310401490063 -0.673100322281 -0.486878204426
0.334047009004 -0.626717163465 -0.480990905236
0.36617536739 -0.589356107049 -0.463184142771
0.403494769731 -0.56542399575 -0.435245938032
0.44182859923 -0.555283283047 -0.400747622942
0.470835681181 -0.527167341462 -0.367236528783
0.489164217919 -0.488032074719 -0.337515095793
0.512768501544 -0.458389217445 -0.300920839675
0.532839305631 -0.424306912094 -0.266388495062
0.556611739184 -0.397803577049 -0.227954744451
0.585076412778 -0.385391890644 -0.185765217591
0.616473378504 -0.389018094553 -0.143988213088
0.645954984055 -0.408821905657 -0.10550650638
0.668855027304 -0.442486668617 -0.0725853801572
0.687247332972 -0.478380467683 -0.0391093810952
0.704039204131 -0.50318406877 0.00384740805478
0.718292287887 -0.512350657565 0.0533963762202
0.727101147963 -0.505382249827 0.104573688004
0.734913659213 -0.48626606777 0.152763747281
0.741452629827 -0.456632344624 0.195438879465
0.746666477856 -0.421625547225 0.234077949368
0.751334366389 -0.389781077833 0.275723451775
0.755422818643 -0.361695447899 0.319784847169
0.756925264091 -0.338881423125 0.366904790675
0.753283728521 -0.331485259523 0.418743859434
0.74229477645 -0.310635516683 0.46567937367
0.726420856696 -0.279173301926 0.504445226917
0.710802146751 -0.235903029549 0.529548061915
0.695612862864 -0.193466968001 0.5565804183
0.672997318809 -0.1644404552 0.593862037252
0.649486477995 -0.135587737257 0.630755016019
0.624629319631 -0.112265559545 0.670521043062
0.595127500261 -0.0860852720712 0.705472618539
0.564943753972 -0.060073590944 0.739653909684
0.534494473676 -0.0319670290164 0.77173538031
0.504201966606 -0.00763271173824 0.807133795808
0.470744185143 0.0167903977567 0.839407949009
0.435959133254 0.0528633741352 0.85471517559
0.405274924162 0.0953297905221 0.853121211228
0.384680359161 0.140284414816 0.835518524493
0.371066275538 0.184456319616 0.809806187821
0.345070842607 0.228352889919 0.797859683757
0.315725418676 0.27095729298 0.78959374835
0.285272049103 0.312786622722 0.781272105982
0.252139752403 0.353089537984 0.7766973456
0.218420082108 0.393016283172 0.77261125774
0.184897676495 0.432258903562 0.763138889654
0.161061179989 0.474283063991 0.742287269946
0.147264943318 0.512214482222 0.708436204182
0.135109758687 0.541648100376 0.666722576302
0.110143431683 0.570905469137 0.631150012797
0.0884979436482 0.593888476157 0.589268736238
0.0754344167591 0.612731565105 0.541746648452
0.0616621113725 0.632710381468 0.495328818102
0.036887575055 0.655563639914 0.45515864373
-0.000899697346382 0.675038645163 0.424418089234
-0.0468209131755 0.692621191701 0.405741970223
-0.0941617922566 0.708888027457 0.388432821932
-0.135698007422 0.724616925368 0.360482964737
-0.170691945294 0.73836616741 0.323979970606
-0.197105904255 0.750078494935 0.280230834952
-0.217507325872 0.759889632565 0.232835785273
-0.234986795994 0.767296317609 0.183397926354
-0.26462232602 0.772630590937 0.14037878649
-0.300297542881 0.773978039718 0.102038071218
-0.342696315807 0.771875820235 0.0712483009878
-0.384048988034 0.764681542847 0.0399158574273
-0.427661669779 0.753168113974 0.0133051771889
-0.476142440544 0.739817312364 -0.00130543487469
-0.526526816652 0.725419679813 -0.00210551439536
-0.574541271561 0.71251334719 0.0144082306138
-0.617373057399 0.700299053471 0.0423594196706
