-0.239817295377 -0.058959887636 0.872846449286
-0.204400887905 -0.0423130840439 0.838016132719
-0.167580560785 -0.0341531104065 0.801646589985
-0.127183049228 -0.0417517988572 0.76913111284
-0.0912497899973 -0.0686410538577 0.740045018829
-0.0529291207823 -0.100591795685 0.723534036377
-0.0134302910202 -0.131027113687 0.707110506144
0.0226283558442 -0.16833348552 0.699673682842
0.0615337788788 -0.202589780757 0.690805404583
0.103876618587 -0.228352464669 0.673778219461
0.147181882065 -0.240736190936 0.647002709714
0.186549979336 -0.239102718625 0.612458409343
0.21727901963 -0.224089390687 0.572741743102
0.236302426095 -0.197190333762 0.531963087043
0.246466489447 -0.164289351433 0.492439971174
0.269256456946 -0.142125324632 0.450785641085
0.303410350668 -0.134675758258 0.411591325966
0.343800405339 -0.139753538959 0.378251683108
0.385624633101 -0.151139409561 0.348755515937
0.4282216388 -0.173784316003 0.328289441144
0.470151458253 -0.195197575031 0.305237461618
0.509340137233 -0.20358361777 0.271464201203
0.542130967793 -0.198828525325 0.230857191606
0.569786108087 -0.187402242238 0.187695005387
0.599420250194 -0.179275214114 0.145297272574
0.627550791846 -0.170342282669 0.10205097442
0.660980928591 -0.171657115673 0.0617695883179
0.69279618455 -0.171589295813 0.020070497899
0.725486971135 -0.174717433114 -0.0207051951758
0.755809132251 -0.175121790832 -0.063418635912
0.780426947252 -0.167696687782 -0.109100389755
0.811648587829 -0.174607980881 -0.150621078403
0.846625655016 -0.193430991383 -0.184747911595
0.88271129165 -0.224164434937 -0.207100281824
0.917795158029 -0.252328671952 -0.233969811084
0.948390540904 -0.270214580954 -0.272597458376
0.969796528348 -0.277715209685 -0.319917868512
0.982787288941 -0.278423807394 -0.37069792126
0.982987271691 -0.266790326963 -0.421814704507
0.97040237922 -0.244392362892 -0.467520446735
0.952308683379 -0.221941282372 -0.511272921302
0.939290334065 -0.215807511186 -0.56168298689
0.933610228301 -0.22511026115 -0.612920185964
0.934861523754 -0.249299283282 -0.659365735745
0.922593900361 -0.264059026826 -0.708093305048
0.897675764111 -0.26783910144 -0.753991255463
0.862537704587 -0.25970278729 -0.791945176032
0.821143362144 -0.241879871349 -0.818617949605
0.778439445971 -0.214929683668 -0.832472911189
0.73894297272 -0.180602730092 -0.834857253619
0.696371008876 -0.151313808584 -0.843445179938
0.650053724178 -0.134220077237 -0.861114013382
0.601484433837 -0.119489502345 -0.875236962069
0.555369011205 -0.123162667725 -0.899958088565
0.504644935928 -0.118594808449 -0.912153079371
0.454060220212 -0.105282495861 -0.909630717294
0.409777034539 -0.0817020892997 -0.894613216835
0.368628844771 -0.0556700049539 -0.875137797452
0.322335651758 -0.0353861987042 -0.861434779056
0.276135147766 -0.0156244910841 -0.846665275014
0.22935012714 0.00210971351613 -0.829955427873
0.18602105736 0.0224740987368 -0.808696255528
0.149100546863 0.0473571355114 -0.780580457837
0.114071754859 0.0722355559998 -0.750598884558
0.0876422632178 0.0992520755556 -0.714218171251
0.0684147313422 0.12730074607 -0.674357971062
0.0384473681053 0.152369939434 -0.639369757611
-0.0022182334557 0.171069729985 -0.612156038955
-0.0504791163985 0.182062644279 -0.595032334842
-0.102552032314 0.183451457997 -0.589040247838
-0.153603112178 0.188506781906 -0.576665552586
-0.205475903294 0.190348675637 -0.566901489615
-0.25766972058 0.185914390729 -0.563931100778
-0.309812448595 0.181489832455 -0.558425558938
-0.359212084234 0.185217825717 -0.540748420303
-0.406745654051 0.190752007231 -0.519297819969
-0.453941927183 0.189579145936 -0.496396537567
-0.494722400808 0.193868298722 -0.463795804649
-0.535516939624 0.196795590588 -0.431024070157
-0.569670862506 0.205300249257 -0.392214334072
-0.603650469428 0.215181388859 -0.353528475111
-0.63746206049 0.22528104495 -0.314804512609
-0.658366547759 0.243612838633 -0.270421247343
-0.663594289175 0.268497381727 -0.224648640765
-0.663399998156 0.294732308025 -0.179284909176
-0.680194258155 0.31369240421 -0.13339293478
-0.711030157679 0.323553803114 -0.0921393363125
-0.747703755495 0.328085956847 -0.0549089588092
-0.771736573604 0.342848288555 -0.0106704510031
-0.779047046241 0.366024723575 0.03579506854
-0.767410772219 0.388529916397 0.0817487035968
-0.73959656417 0.409490894662 0.121029469853
-0.719354207522 0.422719911035 0.167537895199
-0.713166210121 0.425753447349 0.219491191247
-0.720577998108 0.418548745109 0.27087408021
-0.734318289838 0.40339302254 0.31909539725
-0.745191769781 0.383000199654 0.366115741011
-0.761163987296 0.355285765609 0.407603960472
-0.773103303711 0.323907892395 0.448103052254
-0.796408043576 0.290278932184 0.481097011597
-0.819953569213 0.258539148853 0.515690105762
-0.840627053996 0.228351997603 0.553325732428
-0.853418022713 0.201106983078 0.596420406979
-0.876005474909 0.174296165329 0.635811062653
-0.883264104139 0.140637997502 0.675325970956
-0.887590289738 0.103922859977 0.712541526337
-0.875755551796 0.0691590389697 0.749900154625
-0.853196603526 0.0362987887312 0.783899252175
-0.817723454014 0.00923929313613 0.811398901807
-0.773684714267 -0.0108280369581 0.831606535693
-0.725247184158 -0.0206382409321 0.849284384078
-0.675366310868 -0.0274501905453 0.864024733289
-0.625498155903 -0.035760724384 0.878585590116
-0.578860335557 -0.0514198838673 0.896591850441
-0.53121346125 -0.0653270971819 0.913328228986
-0.481739992513 -0.074144565232 0.928395142513
-0.429511166838 -0.0741412871077 0.934036518489
-0.377191955716 -0.0729627098842 0.93005242342
-0.325408695486 -0.0791332034076 0.924378018808
-0.276524565464 -0.0769233560975 0.905629210379
