-0.0701824020437 0.591419563321 -0.0757279306871
-0.102714268673 0.554304632634 -0.0932603838179
-0.134143736496 0.5138862074 -0.104286414895
-0.164514671669 0.479409179748 -0.129407532341
-0.1945725829 0.43990497696 -0.1460749382
-0.22234977997 0.408780781484 -0.17789754491
-0.246414030855 0.385970106669 -0.218493695651
-0.273643820786 0.351205015851 -0.246667586116
-0.300961963814 0.3095976883 -0.262938467882
-0.326274181468 0.26375699497 -0.263483080121
-0.346645334173 0.218346351381 -0.247202614549
-0.361836810829 0.177030906065 -0.218793881463
-0.382152346897 0.130548937167 -0.205713647886
-0.405446644405 0.0838733374685 -0.210659901282
-0.427841683032 0.0365599744856 -0.212140771038
-0.450543570737 -0.00942876204207 -0.222762186508
-0.471060891074 -0.053191900251 -0.242889257194
-0.485815496075 -0.103262092254 -0.247596383214
-0.495980006477 -0.154471519712 -0.252045091788
-0.503572197591 -0.201526545694 -0.273763352819
-0.507587373143 -0.240380255669 -0.30865369307
-0.506432599781 -0.286958965138 -0.332587468743
-0.500838863016 -0.321104521709 -0.372030293968
-0.491630170137 -0.346256919481 -0.417080634854
-0.479323896049 -0.35816148758 -0.466589915289
-0.465207586817 -0.352808762873 -0.516765598501
-0.450800607732 -0.329139115657 -0.561247806764
-0.429117499558 -0.316543159329 -0.607329799829
-0.402433830254 -0.319911526078 -0.652395180448
-0.372085854671 -0.338709580624 -0.690791781247
-0.340609993342 -0.370931344942 -0.717517306973
-0.311494410743 -0.412666648846 -0.729853127711
-0.288459653265 -0.459652329433 -0.727110648521
-0.276059546826 -0.508451816665 -0.71096896052
-0.269774127024 -0.548624737175 -0.677725231508
-0.27118690895 -0.579637688923 -0.635512757744
-0.281564049457 -0.597291839193 -0.587302515356
-0.299586582682 -0.600730328338 -0.538254013629
-0.323931519395 -0.588590416414 -0.493513366454
-0.351825124633 -0.562406702385 -0.457768262803
-0.377222585224 -0.527930480333 -0.427604615112
-0.401826358347 -0.485156342101 -0.409956281385
-0.420584880727 -0.441697111514 -0.387571025729
-0.432211490793 -0.402309984084 -0.355089483289
-0.434743903044 -0.372763238194 -0.311940077345
-0.427452792747 -0.356141302291 -0.262825889284
-0.411536187701 -0.354316052276 -0.212975747148
-0.390462235345 -0.368881246894 -0.167304698534
-0.367876167577 -0.398393424488 -0.130405444217
-0.345552067911 -0.436688130723 -0.102284334405
-0.321979067018 -0.469121392593 -0.0685886600756
-0.297522439411 -0.492020704212 -0.0283544759572
-0.272908331118 -0.513566993935 0.0125225415866
-0.2467583679 -0.523125153133 0.0568758507833
-0.219255764336 -0.547901150873 0.0939222193549
-0.193172924239 -0.585059242679 0.120040306641
-0.167877364643 -0.626232743141 0.140235661607
-0.141970534138 -0.6660351023 0.162320034675
-0.112832181578 -0.692861050864 0.196587142639
-0.0851076305775 -0.726347915591 0.225766677444
-0.0529802181098 -0.744896660115 0.26271882707
-0.0192267684264 -0.749358148594 0.302498927476
0.0147478449426 -0.742341449676 0.341756956509
0.0497348223999 -0.728583224803 0.37820500212
0.088429333845 -0.714688715342 0.410682026669
0.132406248009 -0.706737591402 0.438127287343
0.180847687352 -0.713624166762 0.456863572238
0.22894772047 -0.704674855965 0.47557814992
0.272048514887 -0.679287488379 0.491051194888
0.304968069017 -0.640189405094 0.502465086153
0.323977236821 -0.591661777808 0.507959146653
0.32785883958 -0.53946932682 0.505632214294
0.328869558746 -0.487131289566 0.50304465408
0.348331840093 -0.437973760934 0.503622823344
0.375128767006 -0.392835028366 0.506258882959
0.393479743212 -0.343771510092 0.5074522197
0.4091860423 -0.293779549258 0.5079111957
0.407266958301 -0.241370951858 0.505726753244
0.406625058163 -0.189089153951 0.502836669516
0.409962148583 -0.136843612406 0.499847347033
0.400972012443 -0.0853684709599 0.494772763021
0.39199217859 -0.0340847619203 0.489225149704
0.386505470858 0.0175779202305 0.482430869417
0.396723223133 0.0686173113225 0.476622330451
0.422614197827 0.113987800183 0.472906597786
0.456061649307 0.154206377873 0.470583792449
0.488701946248 0.195192932006 0.466984520449
0.52113920548 0.236056624911 0.462456802185
0.544279449579 0.282439837424 0.455030882988
0.554249288376 0.332806232617 0.444785942923
0.554406169618 0.383809079396 0.432748498345
0.538059886644 0.431242563408 0.417473225895
0.53420293984 0.481354396548 0.402731403604
0.522426591645 0.528491098735 0.383130026639
0.52808432224 0.577027954264 0.36370124668
0.534928419219 0.625032631115 0.343877011106
0.525329262389 0.672266059452 0.323342920647
0.510559400998 0.71915399985 0.305104414803
0.485254038591 0.757776442681 0.28033942723
0.475967651475 0.80004526418 0.250822880898
0.483689315822 0.843734016402 0.222975111954
0.507385869389 0.884710970719 0.20050863104
0.519745685078 0.924840237515 0.169218254593
0.516096115002 0.960901071368 0.131420770905
0.497151261672 0.989282742999 0.0917041980625
0.464851438659 1.00638787357 0.0542119027481
0.422958589291 1.01062948838 0.0230885669794
0.376473096317 1.00077355237 0.0010889375938
0.334236557716 0.98831010601 -0.0273735901422
0.293153379247 0.970233030826 -0.0543994659587
0.253477126292 0.945576637773 -0.0783010106733
0.213641027509 0.911751484404 -0.0828928017757
0.173482540711 0.87923164257 -0.0922074845953
0.135295457308 0.853363421541 -0.117364129785
0.0992186761754 0.822894052638 -0.140004116933
0.0636287798475 0.784934104757 -0.145838082172
0.0325972185113 0.744383946426 -0.134256085741
0.00955775681902 0.705680221008 -0.107558847799
-0.00868959337758 0.668921283867 -0.0749843892997
-0.0355471578683 0.626929563442 -0.0589126890875
