-0.0263593477483 -0.286882430287 -0.439328684649
-0.074268438258 -0.273693788063 -0.422754248807
-0.115048161696 -0.247116505092 -0.403383163036
-0.143945768271 -0.20873517957 -0.38246486713
-0.155924630611 -0.161701243039 -0.362576858896
-0.167077507321 -0.114536469749 -0.342032271417
-0.18599456052 -0.0710536662474 -0.319826897177
-0.200889114064 -0.026227628703 -0.297141007262
-0.221095725376 0.0163947351325 -0.27438365387
-0.249017344779 0.054363682266 -0.251509043635
-0.274500505599 0.0935591979058 -0.227785107668
-0.291250643066 0.138325109853 -0.206242852166
-0.317382287577 0.177401131195 -0.183056472553
-0.338993188421 0.216259194657 -0.155238226346
-0.351097229158 0.256680722463 -0.12421903921
-0.370899816865 0.289081931563 -0.0881570083257
-0.402168023151 0.309119776065 -0.0512353239758
-0.41810322413 0.336437659625 -0.00950138476257
-0.438958418138 0.355275830419 0.0346926965254
-0.444670655425 0.378616053309 0.0812631465352
-0.436490216123 0.403859715679 0.126418805111
-0.413731127269 0.42924996457 0.166163340417
-0.40282962231 0.445583426516 0.214718844046
-0.406302978644 0.454334374193 0.266238662365
-0.423926543693 0.454803460354 0.315548187434
-0.453932815363 0.447091843883 0.357760118618
-0.49349139122 0.432208030244 0.388668480756
-0.532197087233 0.416836232155 0.420413922971
-0.561687373641 0.407678415879 0.462696615692
-0.578352574236 0.40566947051 0.512292481025
-0.579303352506 0.409860022658 0.564475463878
-0.564664997854 0.420653099164 0.613577810529
-0.536822379039 0.436641072172 0.654938042525
-0.5063352642 0.452754500154 0.694373785817
-0.485296550182 0.463325923507 0.741193563301
-0.47615183578 0.466959212491 0.792616930188
-0.468325231108 0.47020573268 0.844286697591
-0.467446892136 0.470060353003 0.896689884319
-0.451082329716 0.476572812275 0.945994940871
-0.4271098711 0.489849613339 0.990660227854
-0.391680932718 0.508394646592 1.02453257381
-0.348668532325 0.530737268285 1.04446490402
-0.301454456247 0.55321669749 1.04835559416
-0.252428757419 0.569708434294 1.04012790611
-0.203971530649 0.585998723767 1.02867082931
-0.160854681287 0.599915555025 1.0023725205
-0.126901254909 0.61007876583 0.963811434799
-0.104922680273 0.612340474129 0.916323708204
-0.0964134065823 0.606413965461 0.864991085402
-0.102671026109 0.592771576304 0.814825314359
-0.123604838922 0.572965900182 0.771097384086
-0.144570000462 0.55240720722 0.727582240589
-0.151543246427 0.533668200416 0.679105091109
-0.150135888621 0.516360101813 0.629624510394
-0.145662389905 0.499074509769 0.580367845252
-0.126800201873 0.485917613965 0.533307300924
-0.102051726819 0.474336084572 0.488628222525
-0.0753701658027 0.462597466951 0.44509610806
-0.0621049626231 0.444189736526 0.397902978474
-0.055917218918 0.422623215241 0.350598849526
-0.0593073199935 0.398000249986 0.304501995741
-0.0464620845338 0.376290212487 0.258609865266
-0.0189753822557 0.361052436309 0.216715120912
0.00586504698388 0.343261769366 0.174195301577
0.027140964698 0.322854335788 0.130880276321
0.0464308660964 0.298537851955 0.0886559252829
0.0772311197804 0.280488492783 0.0503497260981
0.0999629889364 0.254148863713 0.0111257408807
0.110575777704 0.22015237422 -0.0273193424193
0.106700674263 0.181701466133 -0.0626727371731
0.0931170604881 0.142834784089 -0.0950772499074
0.0781263669081 0.103533116052 -0.126254591209
0.0574969794523 0.0642053395729 -0.154141115926
0.0515856178806 0.0227199969112 -0.185582273771
0.0536724156598 -0.021119444605 -0.214283153365
0.0652474649959 -0.0647270662335 -0.240941177991
0.0681742105055 -0.112081782246 -0.263260771521
0.0869101833872 -0.154405013416 -0.287817295705
0.118846733695 -0.1886602015 -0.311251324812
0.150722790496 -0.223059315085 -0.334602762196
0.186567258496 -0.254388651792 -0.356694531118
0.226966050654 -0.281193876955 -0.376487028751
0.269895237643 -0.305321164616 -0.394351120262
0.300315646412 -0.342410239606 -0.415377249331
0.315980421867 -0.387633377359 -0.436834826587
0.33989323928 -0.429575861858 -0.457104260691
0.379155857433 -0.460277774242 -0.473663090066
0.423654429835 -0.484359673873 -0.487359517377
0.473577386742 -0.496863849831 -0.497070429691
0.522047312994 -0.514237550353 -0.50660029733
0.573730494771 -0.521782467785 -0.511719987772
0.622548263033 -0.539999225692 -0.517304076581
0.668868247448 -0.563560294632 -0.523692205089
0.707731438634 -0.597475523502 -0.532681277556
0.736151731325 -0.640307461564 -0.542749143728
0.762335388524 -0.685120075044 -0.549759157924
0.774802867088 -0.73572357814 -0.554895330726
0.770094832605 -0.787785301397 -0.558011560343
0.74878535291 -0.835615996584 -0.558549699489
0.713673416773 -0.874453206264 -0.559423072227
0.668295562533 -0.900518107653 -0.561277042469
0.617103628012 -0.911234429149 -0.563808123581
0.56515790336 -0.905332304138 -0.566734736406
0.517630904793 -0.88354218661 -0.56958903623
0.479551234323 -0.847724010335 -0.572556356901
0.45455504913 -0.801808034091 -0.575533807787
0.445655019695 -0.750227953791 -0.577701030704
0.429743649174 -0.700348004163 -0.578654490696
0.399189752424 -0.657812853139 -0.578064676968
0.355741842188 -0.628602862888 -0.575926898555
0.305918987844 -0.611984921869 -0.573604336839
0.256041533733 -0.596376049045 -0.570405634033
0.211185400087 -0.569611866289 -0.566169977485
0.165953000278 -0.54392660966 -0.560195888204
0.129935525071 -0.506858136527 -0.551565259473
0.109789287037 -0.461053747555 -0.535869429274
0.107125200051 -0.411632178721 -0.518463106488
0.0890109453999 -0.367958385904 -0.495704264876
0.0613096308895 -0.329659917542 -0.472953996087
0.0221215167855 -0.300912289082 -0.453357139477
