0.364522448521 0.763720299966 -0.349394151976
0.33415335346 0.749171955295 -0.389491332164
0.292261373441 0.742154252633 -0.420118694828
0.245046031989 0.737709515011 -0.442376170156
0.198285067594 0.727449923254 -0.464018383214
0.1559582383 0.707519389842 -0.488368093956
0.117207324309 0.681205964024 -0.512177834393
0.0807280518179 0.651604560151 -0.53530842503
0.0408375341393 0.622598344674 -0.553042134689
0.00658406907391 0.588772198699 -0.573727029541
-0.0300303059062 0.556369485688 -0.592594170465
-0.0700839974682 0.526150647733 -0.607616787629
-0.10177782478 0.488666621205 -0.626146774759
-0.120858889396 0.444391913022 -0.647076846747
-0.14892359794 0.402048084726 -0.659819520661
-0.180767933551 0.360916919374 -0.665864227498
-0.214690177872 0.321309294947 -0.670542103359
-0.256801740784 0.290549207003 -0.66581066681
-0.301050399063 0.26541473782 -0.65300436003
-0.33824285565 0.229374751899 -0.644982532858
-0.365625106519 0.184742600827 -0.644283234501
-0.380212776531 0.134885380763 -0.650911772572
-0.379705492852 0.0843506769619 -0.664673356326
-0.364611047009 0.0379972250043 -0.683847802472
-0.336542099919 0.000398028896629 -0.707162975329
-0.308784066232 -0.040760523618 -0.724087946793
-0.290929309104 -0.0892222256414 -0.732686354711
-0.27450007506 -0.138891656093 -0.73573569443
-0.262535602169 -0.189772787122 -0.732511404377
-0.243479562874 -0.238215521767 -0.726273030793
-0.230145104175 -0.287065260391 -0.712961825891
-0.231572785654 -0.334754439957 -0.691398479525
-0.247582929573 -0.376225337065 -0.663737267422
-0.270620984927 -0.411068799704 -0.632170741746
-0.304175779352 -0.433983570671 -0.599148995695
-0.326102960852 -0.462369763801 -0.560994602831
-0.350218201862 -0.484778679296 -0.520209522974
-0.382144109677 -0.494651634276 -0.479863294486
-0.418381671807 -0.498055976772 -0.442143417506
-0.44213064036 -0.513927177742 -0.398223642555
-0.449704685034 -0.536225206506 -0.351337719021
-0.459889337864 -0.555635042891 -0.303754360088
-0.465957978972 -0.57850493577 -0.256995863834
-0.454991856793 -0.605698051023 -0.213563130542
-0.433571551028 -0.630549049787 -0.172667401334
-0.427299653529 -0.648380266372 -0.123829649113
-0.43517977788 -0.658124198988 -0.0729848737833
-0.453723088093 -0.660621158909 -0.0240690124508
-0.481775658096 -0.65570262036 0.0198715453421
-0.513743619519 -0.647311802318 0.0605497692698
-0.539402491256 -0.642802727403 0.105965461389
-0.551841797018 -0.645919951372 0.156730231577
-0.549715232847 -0.655115980204 0.208256522487
-0.537598202261 -0.664698767848 0.258319017097
-0.538105602036 -0.662460259242 0.310630980212
-0.550618445533 -0.648668132741 0.359566586044
-0.574341472225 -0.62503744918 0.39981763949
-0.60122649563 -0.596656591818 0.434674427087
-0.613458211084 -0.570518975514 0.478371948432
-0.609605774895 -0.548862666785 0.525890764758
-0.589625326001 -0.533467623165 0.571776828731
-0.556204395824 -0.526815398404 0.611534480859
-0.513761850681 -0.525830446542 0.642189104523
-0.465733784991 -0.52929259165 0.662800356993
-0.416602623697 -0.529170883734 0.680900462648
-0.366610601271 -0.52544027097 0.696095644128
-0.319004845091 -0.512192379275 0.713594828593
-0.268018073433 -0.503078740452 0.721343151247
-0.216970641339 -0.491898662995 0.724946798673
-0.168115716422 -0.473482229522 0.72885125677
-0.126083937973 -0.443473082937 0.737469893611
-0.0926942386236 -0.404758676662 0.748917746782
-0.073443372798 -0.358146874115 0.763269674522
-0.0541060270588 -0.311362448011 0.776750406717
-0.0223716958997 -0.269975732996 0.781752778999
0.017595800698 -0.236546967196 0.776569396819
0.0545396102041 -0.200089451338 0.768781043437
0.0868338542223 -0.159159669488 0.763512513914
0.12114699849 -0.120197576441 0.756425329096
0.147741940262 -0.0751037940404 0.754696086077
0.183102129448 -0.0377998863802 0.744438560987
0.224597830714 -0.0128143938591 0.724494367504
0.266596367595 -0.00249833972934 0.694932002932
0.303927831395 -0.00822112135 0.658651068242
0.340679966201 0.00175138050968 0.622714856734
0.376182324715 0.00399508154492 0.584287287621
0.409794866708 0.00159841389358 0.544217559825
0.435607348726 -0.0158364595614 0.502136583166
0.452326716786 -0.043971049248 0.461261114195
0.47390474167 -0.0569323881972 0.41534288908
0.498612111122 -0.0546726803131 0.369233276787
0.524259644581 -0.0369654261289 0.327155884868
0.549040523301 -0.00777613911104 0.291440940646
0.571113670988 0.0323538593581 0.266062315675
0.592466443527 0.0725102656709 0.24009611928
0.609249982768 0.120463231807 0.227291402701
0.629116276106 0.16063424436 0.200201964661
0.651058932943 0.190357053987 0.163079048941
0.670490495389 0.209752133633 0.118421713317
0.68410940335 0.242230085967 0.0796216667643
0.693657771253 0.286452360681 0.0532658559438
0.697357906417 0.333453262871 0.0304765232241
0.695857812191 0.383925013681 0.0166157724434
0.687667165246 0.435264275412 0.0101151328996
0.676902504972 0.485095250516 0.0222042616237
0.66544435311 0.52834615492 0.049487893287
0.649135345919 0.573091487724 0.0712485000874
0.629938577898 0.621416391464 0.0773878571314
0.605299637065 0.667642769617 0.0761699471364
0.575079882721 0.710436440258 0.0754447402853
0.543699988707 0.748558638334 0.0577876307039
0.51210985177 0.781023004333 0.0315035073073
0.473996958619 0.812171524227 0.0136294091941
0.439444896467 0.834332762329 -0.0189157773671
0.412435052768 0.844488957276 -0.0626656265687
0.396582115361 0.842802419834 -0.112612398062
0.394629059176 0.832024972797 -0.163810083519
0.40477076237 0.813194167954 -0.211625765135
0.406748425597 0.793214648785 -0.26004059446
0.393888719435 0.776156339594 -0.307862472537
