0.351411252229 0.404633209381 -0.24209686894
0.323358853527 0.448495900496 -0.247770347445
0.287984280444 0.486269664387 -0.255893237311
0.25552567968 0.527436597884 -0.259525654533
0.239423964859 0.577017144473 -0.253937400851
0.235408973605 0.628200418358 -0.243384507666
0.233620233796 0.67936491222 -0.231564106327
0.232200389041 0.730212205361 -0.218889949163
0.238089896234 0.779072898414 -0.198913750196
0.228464103492 0.826057432822 -0.177587484115
0.202101350439 0.867384321182 -0.158943875097
0.160692803026 0.896925612277 -0.146320240005
0.116033137693 0.920767723176 -0.132754154739
0.0692181703199 0.938191434385 -0.11675262327
0.0302961778272 0.962684285895 -0.0917009068277
-0.00890443011661 0.983888316569 -0.0642150920418
-0.0541487893967 0.994536897816 -0.0399384226542
-0.089372229726 1.01132467431 -0.00496039795092
-0.110039335936 1.03334217367 0.037862404032
-0.115758246502 1.06115055109 0.0819398321029
-0.130546738844 1.08331259015 0.127069134244
-0.157975372095 1.09357482914 0.170524889336
-0.194994218713 1.09112061828 0.207523103403
-0.237821059709 1.07637033699 0.23384000365
-0.281672392903 1.05078080321 0.246715106664
-0.321608540675 1.01698670359 0.244258590758
-0.352076683877 0.978327448885 0.22637799566
-0.369375064488 0.940730018045 0.194281217928
-0.378741024479 0.907547187444 0.154797618505
-0.396756476426 0.865567388757 0.129127242422
-0.421821597324 0.820090264771 0.121035168518
-0.438212582589 0.77519806419 0.0995526893295
-0.451241020068 0.731009740335 0.074611693821
-0.456529965966 0.690686643725 0.0416034428117
-0.461490514268 0.650725120037 0.00807451454665
-0.464847004878 0.610946342351 -0.0258809838691
-0.47579299395 0.565372919262 -0.0494889825522
-0.487186179182 0.518857561564 -0.0706858063754
-0.5029076 0.470599163187 -0.0836164893
-0.516888838614 0.422072952495 -0.0974963226711
-0.53191933249 0.372989550221 -0.107827045326
-0.543954728107 0.323669211728 -0.120625321374
-0.555164627042 0.27424969024 -0.134071102312
-0.557885814077 0.227078703634 -0.156635077312
-0.564550121502 0.177322888711 -0.1719560148
-0.574834169225 0.126486465823 -0.179395507746
-0.588813365911 0.0760064604562 -0.179088006182
-0.594993617594 0.0238291280651 -0.178615747262
-0.602515114048 -0.0280365056617 -0.181014221485
-0.605540756983 -0.0791691341712 -0.191987364643
-0.607330296599 -0.130147769769 -0.204179417281
-0.612591565495 -0.181986139092 -0.210102337422
-0.616961667712 -0.233765777383 -0.217082669936
-0.627349748572 -0.284837833722 -0.211965925597
-0.639304621646 -0.335108636641 -0.203312296392
-0.645966577894 -0.387122676241 -0.20154366031
-0.648369022668 -0.439222072637 -0.196033706886
-0.639264550419 -0.490649517134 -0.200080762939
-0.628067827604 -0.542027904601 -0.197553071314
-0.606821556106 -0.589402719691 -0.204705141226
-0.577165358834 -0.630639551232 -0.217538985681
-0.544520630349 -0.670690590641 -0.226962700864
-0.512642292109 -0.712385426896 -0.225544661
-0.488195653304 -0.754351260685 -0.205808045787
-0.462753025985 -0.793446301573 -0.181932798363
-0.433094064006 -0.829484023679 -0.157508871185
-0.396606476148 -0.861237902114 -0.137285627443
-0.355893987399 -0.888642289303 -0.118741535835
-0.310406857131 -0.910590145789 -0.104664219359
-0.259710688842 -0.922665825765 -0.0991698850592
-0.208559529263 -0.93248402433 -0.0937127362584
-0.15853580162 -0.940224011734 -0.0802554289504
-0.110346606786 -0.945359454293 -0.0601033576229
-0.063532476648 -0.94685612733 -0.0366128717178
-0.014194285208 -0.941885302366 -0.0197594681918
0.0351315079986 -0.932141640847 -0.00495033921288
0.0841230859259 -0.916367115908 0.00475380930405
0.129668745904 -0.898956557583 0.0238885607414
0.171823835308 -0.878729362705 0.0474753515385
0.20576096143 -0.859585874555 0.0824511918339
0.232279549939 -0.840227108694 0.123262806283
0.253627950594 -0.823663382765 0.168126678161
0.2697543559 -0.811606124454 0.216483373078
0.292474091314 -0.793624016698 0.260158418663
0.312877752418 -0.77751003235 0.305613112897
0.331480422531 -0.763008237676 0.352492748236
0.347909238537 -0.748775877893 0.400263735619
0.367661647298 -0.73078417707 0.445314413088
0.396173915727 -0.705177726815 0.48100113111
0.431619833041 -0.673812711439 0.503403872023
0.469654764792 -0.640028119211 0.515785101312
0.508168422031 -0.605139975548 0.522192242588
0.546682642056 -0.571069966787 0.51230147603
0.584500610224 -0.537297080261 0.499102398263
0.61782924549 -0.508830811831 0.470426202552
0.640879251858 -0.485909894317 0.429358833036
0.653846069803 -0.467583300799 0.38206024451
0.664222123355 -0.444020870697 0.33644819672
0.66267234942 -0.426204017296 0.287185708575
0.669871885637 -0.396538395213 0.244581514223
0.664810300948 -0.373049499769 0.197820356674
0.652263029425 -0.350999692517 0.15165667001
0.642437540089 -0.318254138563 0.111824789924
0.640218728129 -0.274114654362 0.0834837221946
0.649115405128 -0.224574277146 0.0681446177075
0.664646438048 -0.174893823542 0.0613748630086
0.678550501454 -0.125509369242 0.0508534146703
0.682950795472 -0.0778123518643 0.0296640159902
0.677672139118 -0.0355790776137 -0.000949529625995
0.658152546355 -0.00207907240326 -0.0362033162041
0.631605451906 0.0282117117146 -0.0697392144293
0.613357160525 0.0699554789 -0.0956692832614
0.597015174001 0.113878953614 -0.119122938739
0.566740037692 0.146699573553 -0.146537370596
0.526378800023 0.165233303342 -0.174451174624
0.485335444462 0.188902189 -0.197004447426
0.450466743562 0.225141852898 -0.211622439672
0.416628577729 0.263859934064 -0.224944733306
0.403720333184 0.314973444301 -0.227386418369
0.37847704406 0.360555650059 -0.233873817864
