-0.455267073886 0.105923815812 -0.188747933152
-0.472738000945 0.0746916894826 -0.22718167521
-0.480565390678 0.0465069233664 -0.27060626319
-0.480600250442 0.020602738965 -0.316113637449
-0.475027694961 -0.00339893457694 -0.362427913804
-0.475705298921 -0.0317323874526 -0.406499882135
-0.477977456646 -0.0617179266078 -0.44939479285
-0.487841467448 -0.0954671036995 -0.488232552985
-0.485199612136 -0.124520061689 -0.53175096155
-0.476959059076 -0.151274930285 -0.576055157423
-0.483058806973 -0.185952235158 -0.614832103231
-0.491792306142 -0.222337540907 -0.651519403249
-0.49373096215 -0.257035763041 -0.690821437385
-0.489179183955 -0.288839190608 -0.73231159643
-0.473337087025 -0.313729870079 -0.775757366121
-0.458719488905 -0.339439068793 -0.819054652116
-0.432561975635 -0.36016301954 -0.859501982258
-0.4023030109 -0.381569306031 -0.896630480276
-0.370009392117 -0.406358451972 -0.930043013025
-0.342596294935 -0.439411131203 -0.960141223232
-0.318241316966 -0.477630569834 -0.986522939372
-0.284862649741 -0.513163974899 -1.00642775396
-0.249487273637 -0.548610070212 -1.02177842866
-0.205417925385 -0.574016270109 -1.03423790447
-0.157513450981 -0.594591706685 -1.03941120764
-0.105587971555 -0.600913957416 -1.03642167957
-0.0540197481715 -0.602962132485 -1.02729747398
-0.00570376017098 -0.591192676787 -1.01087457543
0.0413358703116 -0.580832897654 -0.990165537212
0.0785166760862 -0.555549981148 -0.96331116262
0.110601148444 -0.527233292089 -0.932638220365
0.149293729656 -0.516645231025 -0.898881652064
0.187496786979 -0.514377292022 -0.862849528031
0.22445220486 -0.522689827094 -0.826630471662
0.256852335691 -0.520437911699 -0.785546211763
0.282515235355 -0.503287352762 -0.743233464334
0.301286291884 -0.473410515715 -0.704461517842
0.315280699 -0.438535438763 -0.667849356794
0.334583380114 -0.409987407024 -0.628361152064
0.359180560296 -0.390237659 -0.586298525493
0.386937585626 -0.378953734012 -0.543357749543
0.408000863329 -0.356492206997 -0.500959505362
0.422787148636 -0.326120431974 -0.460780813445
0.443031996503 -0.305319195613 -0.417156870685
0.465752997798 -0.29065452553 -0.372301424481
0.493264184078 -0.289542152527 -0.327761482032
0.522443051209 -0.297032877682 -0.284935336375
0.553149822673 -0.318370293732 -0.248242303948
0.580576993116 -0.325343054282 -0.204182278511
0.602457044739 -0.318753756561 -0.157072209989
0.616096334999 -0.297412527222 -0.111247993557
0.620259514349 -0.263662391951 -0.0714372265905
0.614864590657 -0.220820879596 -0.0418237973838
0.600842151489 -0.17301569801 -0.0257015250226
0.579319484282 -0.125302444347 -0.0242082308886
0.562771138359 -0.0774819762371 -0.0106928316304
0.554307861732 -0.0336128867678 0.0166516468732
0.554947642719 0.00195773993363 0.0551059147652
0.563240034901 0.0265956746143 0.100568008086
0.579064108574 0.0367817972659 0.14943841493
0.591161348984 0.0561033581739 0.196626842765
0.594571523035 0.0883519717407 0.237911184814
0.584321979991 0.127699642723 0.271090186391
0.571754062437 0.161826747653 0.308827551522
0.56692988259 0.186573671017 0.354822325566
0.57017192327 0.200329391939 0.40524343469
0.569851511661 0.217607035484 0.454706529395
0.569054098161 0.235853422565 0.504049777866
0.557983258904 0.261267899857 0.54859247133
0.536628047086 0.290739918907 0.586258245433
0.521380616807 0.311274579721 0.631962750012
0.512650867495 0.324960554135 0.68175807897
0.513222122898 0.331603721846 0.733809433418
0.506831954835 0.341467640691 0.784868224746
0.488984114824 0.354560875787 0.832338995199
0.458290455343 0.372935771516 0.87058637294
0.417259293346 0.395210085619 0.894314243612
0.371503150245 0.41964609027 0.901621786015
0.324854385539 0.442771256661 0.895777043464
0.275504628767 0.457703972699 0.904895200815
0.227216055821 0.464593596139 0.923964814272
0.185179538536 0.46120005829 0.955368293628
0.135230757428 0.459117813711 0.971089643016
0.082979227497 0.459398996794 0.967624501103
0.0345559759408 0.460885152965 0.947772753438
-0.00483858987357 0.463832147373 0.913413551925
-0.0312070540954 0.467507303371 0.868324305233
-0.0446550890637 0.472831574114 0.817929984661
-0.0638865014164 0.476136370555 0.768868261334
-0.0698786818537 0.484734388407 0.717556104647
-0.0888585786339 0.488553317659 0.668878866389
-0.12023213188 0.487076073399 0.626951765268
-0.162490304967 0.481008154854 0.596540685479
-0.209586286628 0.464699851879 0.580491595673
-0.256495985637 0.441430087835 0.580384802156
-0.298265524868 0.414024605735 0.596094002842
-0.329665824673 0.384343223453 0.625688379862
-0.366579986385 0.350922037364 0.642017311509
-0.400516226044 0.317185809495 0.663414715288
-0.435327857851 0.282355370822 0.681214746603
-0.473358065421 0.24680295752 0.686829384823
-0.512703889493 0.213925467574 0.676218572826
-0.549542108296 0.187056547929 0.650481094016
-0.580463347058 0.169028872986 0.612269063291
-0.602258362436 0.161622261365 0.565240335792
-0.613381879314 0.165109686727 0.514184514645
-0.627785487169 0.164892815802 0.463534200196
-0.629548734596 0.173536377101 0.411749683145
-0.61620955712 0.189973897254 0.363736648547
-0.592030565702 0.209498578177 0.321378443273
-0.57514326997 0.21670227951 0.27232424734
-0.559791788674 0.216818685587 0.222236642693
-0.538566695882 0.216259132553 0.17432984409
-0.510398055518 0.216303966976 0.130175235465
-0.480276330624 0.215958774497 0.0872658568348
-0.464408826588 0.204860882242 0.0385895581055
-0.447417274486 0.194360017665 -0.0098220836804
-0.429637030759 0.183164735276 -0.0579748281134
-0.425728706987 0.162875081351 -0.106197411837
-0.436441739441 0.135009178358 -0.149278379542
