-0.114554394722 -0.13704475902 0.046015650891
-0.0809910150285 -0.0968886711089 0.047812237344
-0.0369262960147 -0.0685751210251 0.0476616803217
0.0102305816636 -0.0456567627245 0.046241087753
0.0620548641303 -0.0387355263191 0.0430701464087
0.114069188854 -0.0435746170203 0.0384087415469
0.164751580287 -0.0309984080787 0.0339472773616
0.211940249596 -0.00876236716853 0.0294768980904
0.249702585618 0.0273124749616 0.0257590242691
0.276574759384 0.0722019831094 0.0229477379739
0.30352740378 0.116929745331 0.0191521097183
0.339525758812 0.154537756629 0.0129487431124
0.380880386286 0.185565719047 0.00466221220218
0.417983249754 0.221496998365 -0.00390421361192
0.447554206794 0.263904865269 -0.0121941005447
0.481646259836 0.302475593728 -0.0222048873634
0.526911084938 0.325625236902 -0.0347742751152
0.577078871881 0.332958049291 -0.0478748919901
0.62645411461 0.322897045104 -0.0621204642646
0.66915388713 0.297080641464 -0.0780043230361
0.701598485898 0.259520462852 -0.0946927905267
0.736496943029 0.227943748991 -0.117854501278
0.776279765989 0.211402511368 -0.147878700555
0.816991782362 0.212536757547 -0.181096971558
0.854034103536 0.229858045364 -0.213836415884
0.88658848853 0.259967135154 -0.241895271672
0.911072137798 0.301959588263 -0.261574742522
0.933567900747 0.345431365666 -0.280189665923
0.945595000188 0.395708125995 -0.288578338979
0.945503422644 0.44796217094 -0.284976099112
0.937069303925 0.498406469735 -0.27373370968
0.935774805196 0.550798890774 -0.274634243734
0.94050614292 0.601218836285 -0.288386114969
0.937027467008 0.652204374662 -0.299886277852
0.919486952177 0.701516562497 -0.301881368703
0.889905034019 0.744270974242 -0.295629254218
0.851034101709 0.776310647761 -0.281338160211
0.806762074189 0.797889258078 -0.263443798274
0.761978769899 0.819031667256 -0.246321203576
0.717420981963 0.839686925427 -0.227984959455
0.673088124832 0.84734069097 -0.201120894302
0.632271878654 0.841902791492 -0.168749541868
0.597244034794 0.825299795138 -0.133547169178
0.559635665144 0.811716750508 -0.099639589188
0.518657258762 0.803372105368 -0.0681307029076
0.476437106005 0.796208091211 -0.0378758494606
0.440305920504 0.777167334776 -0.00496542949071
0.407002925021 0.753699427291 0.0279596657286
0.378217047015 0.72452352269 0.0605996647267
0.361036950307 0.686015105024 0.0916440032882
0.342207333691 0.648532922526 0.123038303851
0.322178793211 0.609274289743 0.151352697107
0.292237793167 0.574165599943 0.176298489355
0.262616015005 0.536151251622 0.196991699384
0.229998458927 0.498773258702 0.213735230469
0.189317700636 0.469248967361 0.228567429626
0.149217883449 0.438118158515 0.242555567227
0.113307087641 0.402360734344 0.256001667352
0.0748809450323 0.369227071064 0.26917470238
0.0274332756242 0.349543471028 0.279368535932
-0.0237853920222 0.339520190537 0.284114528998
-0.0747201151281 0.327385539718 0.284532517253
-0.126295258127 0.317311201202 0.280197898894
-0.176429059775 0.310624021096 0.26596525928
-0.223957922434 0.314227910717 0.243677557022
-0.270590243107 0.303838486234 0.222000172309
-0.314117504941 0.282664567042 0.201989459608
-0.35480935836 0.254492056229 0.184219297991
-0.392427736638 0.220973696324 0.169288797886
-0.413182293355 0.17296622139 0.164537639002
-0.41668496055 0.12058049777 0.168345069016
-0.411902679394 0.0687644104375 0.176012510468
-0.421642630583 0.0171045828012 0.176185851244
-0.446071079534 -0.0285545315067 0.16805328006
-0.475873357699 -0.0700670612842 0.156592005316
-0.496950163164 -0.117655784654 0.14909834264
-0.518130090115 -0.164812546218 0.140802246402
-0.526078567976 -0.216526626288 0.138696048834
-0.521911972496 -0.268675377218 0.14141418493
-0.530742920976 -0.320031241557 0.136053471708
-0.553263210159 -0.365358260046 0.122601152036
-0.565226956279 -0.415579749156 0.113513782253
-0.567014637221 -0.467694451351 0.108764269828
-0.580411342272 -0.516845139269 0.09665749004
-0.606201664859 -0.558103983655 0.077294708253
-0.625443419932 -0.604015156987 0.0610608552257
-0.654257954692 -0.64189025798 0.0391442618662
-0.67709097532 -0.684547884464 0.0191017070121
-0.710544579519 -0.716133176032 -0.00589423042121
-0.751053267007 -0.734589849589 -0.0334675692346
-0.794823748699 -0.744814420886 -0.0606034001342
-0.837283443789 -0.765160668676 -0.0840160720774
-0.872663058855 -0.798503782083 -0.10398225901
-0.89406386155 -0.844078267143 -0.119179432679
-0.901179156606 -0.895621135927 -0.127820605134
-0.887800517649 -0.946259113126 -0.133020039811
-0.856001732179 -0.987895517008 -0.136482756622
-0.813179840626 -1.01745182645 -0.130187323025
-0.763520731623 -1.03058253519 -0.119579486169
-0.713060855086 -1.02453482189 -0.106149982069
-0.668779748739 -0.999427910401 -0.0915132532616
-0.627157069147 -0.970599037428 -0.0780746309438
-0.596008815968 -0.931103185877 -0.0629081628489
-0.572570483309 -0.885932599918 -0.0504981365284
-0.553787712632 -0.83829782278 -0.0392620608186
-0.532654330465 -0.791179179649 -0.0302681013603
-0.50223919913 -0.749044229269 -0.0231076455101
-0.468525861713 -0.709514873151 -0.0160826239702
-0.438000957999 -0.667350811479 -0.0103107692965
-0.415596576481 -0.61962522614 -0.00837149718822
-0.397648245373 -0.570301465554 -0.00428917163672
-0.381140314132 -0.52065192753 0.000971566060483
-0.357254217246 -0.474326949615 0.00629877869557
-0.323699532473 -0.433590307239 0.0107507338137
-0.288554385314 -0.394461964506 0.015442196261
-0.252924303 -0.356089501951 0.0206357347294
-0.219586486593 -0.315951173752 0.0255210263631
-0.196757770663 -0.268901259892 0.031905030636
-0.178090087765 -0.220209169756 0.0376653037795
-0.148188830302 -0.176927354881 0.0414921916189
