-0.0579026132193 0.135483961133 -0.562508157234
-0.0860019224434 0.133645986796 -0.518362874344
-0.0989587467012 0.132828411741 -0.467629440606
-0.0946463628738 0.133320899067 -0.415449940731
-0.078261121831 0.137217854843 -0.365877893971
-0.0739836600614 0.135982136889 -0.313711342108
-0.0651268520257 0.135533793884 -0.262086000577
-0.0683111548915 0.130034167119 -0.21009679709
-0.0814944857553 0.120191639646 -0.160391493242
-0.098404983416 0.108518039588 -0.112235632181
-0.12794982468 0.0900785752284 -0.073128845655
-0.166409358165 0.0652756198616 -0.047676553815
-0.209359734556 0.0368480714106 -0.038240006332
-0.251811678491 0.00604633598247 -0.038755215011
-0.288968838689 -0.0271728117654 -0.0226661571046
-0.316721870845 -0.0586606586809 0.00866478599084
-0.336384889793 -0.0874711546745 0.0477131787604
-0.350161988391 -0.114213678061 0.0905820933498
-0.349585221635 -0.132468674604 0.139651140815
-0.33591619746 -0.140803204637 0.189501983645
-0.310350421117 -0.138410196445 0.235132090883
-0.275461538315 -0.125567115565 0.272000028489
-0.234876571851 -0.103296978455 0.296484774884
-0.197852024463 -0.0900952038162 0.331073298189
-0.169183336817 -0.0890659389579 0.374872431376
-0.15159283941 -0.0999959943276 0.422960551578
-0.147764230357 -0.121384796116 0.470607201068
-0.15544235528 -0.154225077901 0.510658345974
-0.156280954791 -0.188025685185 0.550673572656
-0.140672504129 -0.216494238186 0.591783951819
-0.110499146513 -0.236271799872 0.629763078207
-0.0886534925739 -0.266126602761 0.666844877554
-0.0699439074459 -0.301380869005 0.700739222732
-0.0577929648564 -0.343663695224 0.729158671819
-0.0300919997694 -0.378900528203 0.75624484075
0.0100393037475 -0.403273406024 0.779437202131
0.0585247509212 -0.414059192824 0.796020875697
0.11008023367 -0.410108896704 0.804295366871
0.159226630742 -0.392064580988 0.803315886304
0.200401091057 -0.360049116426 0.797808413759
0.22935288153 -0.31694449519 0.790215419355
0.244784501877 -0.268633566843 0.776927672718
0.244224603535 -0.220088670677 0.757247966719
0.226694649028 -0.178120083132 0.731173358932
0.194536374945 -0.143783681549 0.707945455829
0.150701629616 -0.119915518487 0.691924427063
0.100346042344 -0.110696001595 0.68084883132
0.0489327505162 -0.115529110117 0.672006697468
0.000367273395887 -0.134762391279 0.668368597851
-0.0411559328765 -0.16634237316 0.672952157292
-0.0776694657581 -0.20292148555 0.681340989161
-0.123185078894 -0.228874276833 0.679993088744
-0.172590174359 -0.241855806805 0.66827910332
-0.220558314533 -0.244367488906 0.647305014089
-0.26428052471 -0.239069585485 0.618976752871
-0.300059208275 -0.224384486007 0.58365996775
-0.325410197067 -0.197559404973 0.546511287634
-0.336855943901 -0.161777022564 0.510021516667
-0.346502013284 -0.125376004147 0.473059405636
-0.366800236781 -0.0985287990001 0.432943340914
-0.375688213047 -0.0637638877335 0.394816596972
-0.372471713695 -0.0216666521752 0.363799053136
-0.359526961818 0.0225027082985 0.338588712324
-0.349787237765 0.0678991314465 0.313726421581
-0.352690751505 0.107697098651 0.279308749954
-0.359868005825 0.138410991778 0.237431490832
-0.375714706341 0.154376149116 0.18998700485
-0.397187523935 0.16289307507 0.142846169547
-0.413377286527 0.175733207305 0.0945418028806
-0.421632979402 0.194996548894 0.0464640859309
-0.417693668066 0.223200242662 0.00247626336902
-0.399805104022 0.255101564115 -0.0350354014709
-0.370534147 0.287529234927 -0.0639277850737
-0.346258411833 0.313411175734 -0.102438098769
-0.32976579254 0.330747809012 -0.149010784086
-0.302150394044 0.348909945831 -0.189656327908
-0.264902305007 0.367775817415 -0.221308590855
-0.218761131408 0.383031854095 -0.240833109915
-0.168185797115 0.391637303509 -0.25145997433
-0.118689622476 0.399068222996 -0.267091814029
-0.0666430689807 0.403837718002 -0.270474791176
-0.0153002961077 0.405493461688 -0.260289256353
0.0371478636788 0.40295776108 -0.259379173566
0.0884168965244 0.398499921026 -0.269329703073
0.134900916059 0.391449162246 -0.292441510746
0.175889153088 0.379103313882 -0.322651874964
0.218488437707 0.362057752023 -0.347938876349
0.264301854526 0.341309925462 -0.362642674469
0.305679613285 0.315890323494 -0.382252746529
0.344200072462 0.286621156259 -0.402509163481
0.382049125535 0.253488567176 -0.417132894141
0.42040848557 0.218003682883 -0.421415844984
0.456967017844 0.180709853032 -0.417575028246
0.490383508123 0.140576328729 -0.413743458779
0.518223703099 0.096163535518 -0.41254685444
0.540851653445 0.0500350447164 -0.423135798124
0.562109701071 0.00480693614101 -0.438926044725
0.578081927523 -0.0358558955145 -0.467825764717
0.591847355106 -0.0756794399812 -0.49935712428
0.605010949789 -0.116232143815 -0.529779102331
0.613428091 -0.153190005967 -0.566027484969
0.610290616077 -0.184540325712 -0.607872011764
0.596569943354 -0.211997727974 -0.6503375888
0.571337270468 -0.227025764071 -0.693805533706
0.539928696578 -0.224869162136 -0.735760001182
0.505964920374 -0.206472949134 -0.771184287455
0.471861711204 -0.174770010834 -0.795178556667
0.438626484788 -0.135826628333 -0.80624848979
0.40148269931 -0.0995761303989 -0.813395174632
0.365324099232 -0.061737231678 -0.811328827537
0.321044086709 -0.0344646899413 -0.817783407127
0.276549747525 -0.00684274957837 -0.81697319079
0.22860439497 0.0142814156734 -0.817361006144
0.183062268142 0.037237273654 -0.805455762002
0.146554642787 0.0637991490466 -0.778906440057
0.115452848383 0.0889623737578 -0.74491372857
0.0858261706448 0.110500058373 -0.707325198653
0.0548301650091 0.126816879976 -0.668133660226
0.01360565836 0.134012658733 -0.636598707195
-0.0289934637603 0.134749916067 -0.606160288831
