0.503096399262 0.593854553551 0.0961142485225
0.492498611464 0.622534948152 0.138651354514
0.476951585323 0.650538173258 0.180095582166
0.454004528921 0.682206019557 0.214916461899
0.434624186082 0.698847888481 0.260629314407
0.420380527909 0.69951855435 0.31101902085
0.397983707755 0.703905727043 0.358154826805
0.364971216453 0.717843412472 0.396381812407
0.33478347755 0.717562169592 0.439219718542
0.294577551133 0.727485187975 0.471320580113
0.248901950916 0.746215051706 0.488843094544
0.203218406621 0.771845514941 0.488431765847
0.153951987203 0.789772681727 0.492449662442
0.10418903111 0.793240046039 0.508420724172
0.05464974908 0.790401048025 0.525168341374
0.00572524010971 0.78164977214 0.54174892776
-0.046577679111 0.779801757611 0.543532711064
-0.0967551767088 0.785308104065 0.529455087456
-0.147956245717 0.775216317172 0.524813754969
-0.194442949951 0.751733233183 0.530656685964
-0.237788116147 0.722789204447 0.535763086181
-0.274276734187 0.686566251104 0.545778141305
-0.311106482671 0.649810909085 0.551727377032
-0.338385364335 0.606382798878 0.562576731822
-0.351217330845 0.558923556792 0.580697730757
-0.372296397807 0.511264121559 0.585832650563
-0.399920961923 0.466966063588 0.58113339235
-0.417360557034 0.417583705811 0.577586351473
-0.425271373699 0.365827246986 0.576931660008
-0.437908232993 0.316356159199 0.565253301305
-0.456763351103 0.271484753433 0.545720506258
-0.479819677912 0.230533101118 0.522508411258
-0.489641213206 0.181719690111 0.506090108232
-0.499081522185 0.134537373159 0.485403972781
-0.491975013064 0.084022674564 0.473504299173
-0.484640249802 0.0345452566688 0.457620848951
-0.465916667446 -0.0142902036072 0.455005126082
-0.437924462252 -0.0574338164004 0.464964691832
-0.405135286192 -0.0969433477606 0.475836650883
-0.37829905005 -0.141907886942 0.475808104013
-0.352319694718 -0.187520690307 0.475269952651
-0.320788500965 -0.228711995837 0.482906138887
-0.287326113711 -0.268576228023 0.489546648297
-0.257026852815 -0.311292038377 0.489470306569
-0.234206250118 -0.357158353001 0.478647067077
-0.222891694584 -0.403319102558 0.455697041944
-0.217338280272 -0.447506009479 0.42784657561
-0.219069698369 -0.488171100115 0.394652360622
-0.208084570241 -0.533067934149 0.369153145473
-0.186026006076 -0.576456636546 0.349330516996
-0.152410667122 -0.615035771563 0.337349516146
-0.116709323818 -0.650238433881 0.322002939486
-0.0804041958799 -0.682689689692 0.302618259408
-0.0447076911274 -0.711960292483 0.277914644895
-0.00607715809966 -0.736750654653 0.252708231718
0.0311298853212 -0.757983008814 0.222609938193
0.0639441626458 -0.776054064099 0.185961051472
0.101852458665 -0.789170420428 0.152203050792
0.137418426741 -0.798253066078 0.114835736795
0.159804327226 -0.804275298716 0.0678667268033
0.17428491551 -0.808047510405 0.0176224518205
0.18964837682 -0.806459658387 -0.032432833187
0.21818632019 -0.799762480672 -0.0758211185585
0.242174557641 -0.78743026593 -0.12072885147
0.252769483214 -0.771888498773 -0.169598467796
0.245736505762 -0.755001293125 -0.218677617111
0.22214382432 -0.740737448529 -0.263217151956
0.191897540814 -0.725946582194 -0.303617599796
0.176981817961 -0.701962891137 -0.347782913873
0.178127111045 -0.671736109065 -0.390574026768
0.193852065622 -0.638273749352 -0.427654170647
0.194338951938 -0.601350469524 -0.464787616768
0.17737786183 -0.564876991392 -0.498325635394
0.145344534987 -0.532503840201 -0.524184581741
0.102022891501 -0.509718408056 -0.542812948611
0.0516904251596 -0.498761155991 -0.552272631343
-0.000584146227958 -0.501865814521 -0.551190424542
-0.0493876123466 -0.517562784637 -0.540543773693
-0.101183253852 -0.523269577161 -0.535425801199
-0.15346618745 -0.52403088938 -0.532513101787
-0.203656784457 -0.510529718498 -0.538997507264
-0.246504723206 -0.484491363995 -0.554139205053
-0.277072567087 -0.449229385779 -0.577995367825
-0.317167502597 -0.420653235984 -0.595934429946
-0.34472220636 -0.383479849969 -0.620526592875
-0.355919683045 -0.340170726974 -0.647764714617
-0.350215718724 -0.294573632891 -0.672886518817
-0.33276885558 -0.249785105757 -0.693671846107
-0.313525089116 -0.203801257529 -0.70997445624
-0.282036163939 -0.162950933624 -0.719371676915
-0.263575550367 -0.114277253605 -0.72543727608
-0.231157984114 -0.0731601151982 -0.724076402306
-0.188578913253 -0.04427478249 -0.714324926147
-0.14358300954 -0.0219625260528 -0.699393745886
-0.100432894159 0.000784734799555 -0.680212090422
-0.0671094128603 0.0358104267 -0.660041410174
-0.0436456309718 0.0790744629225 -0.642180770819
-0.0132978160571 0.116316118723 -0.620926299695
0.0195835452092 0.150107033278 -0.597971375544
0.0544775985474 0.180458723367 -0.573418149622
0.0880780664524 0.211776179346 -0.548233772233
0.127785542801 0.23283419355 -0.521238390935
0.165675452402 0.256206651462 -0.493594268778
0.197942481002 0.287261203223 -0.466433380234
0.236409395405 0.308004603706 -0.43742839221
0.278775515757 0.311165128726 -0.406619958168
0.319002336637 0.29372767818 -0.37788315863
0.356232654926 0.274728981005 -0.346095513702
0.388218707559 0.248616936408 -0.313746967766
0.418852918037 0.237164951202 -0.272831051808
0.446662908755 0.242420639355 -0.228765793119
0.469901505055 0.264112828853 -0.187144816513
0.486241167269 0.299304581148 -0.15196682402
0.493927624723 0.345132361892 -0.127818020956
0.492405861785 0.396202810336 -0.116311070337
0.487880996202 0.447717566991 -0.107837174511
0.489458754444 0.493422244788 -0.082181119496
0.495600864416 0.527937861518 -0.0432031370634
0.505839866441 0.546242674835 0.00489073766443
0.511250133939 0.563967746428 0.0538689816762
