-0.974211657447 -0.0832117385126 -0.025394602369
-0.956158889856 -0.131111066105 -0.0363964267383
-0.935148442787 -0.176893374308 -0.0507460509675
-0.919034219508 -0.226701558597 -0.0529526278243
-0.891775210091 -0.269125816773 -0.0671018119638
-0.856860272889 -0.299775437363 -0.0912622708385
-0.819263602282 -0.331327666265 -0.109537605281
-0.782375318108 -0.368048093313 -0.115228729991
-0.741148617524 -0.400032778275 -0.120010021052
-0.694395966015 -0.419474889612 -0.13348420803
-0.6459515304 -0.426943489234 -0.151932519372
-0.597064519918 -0.444704507286 -0.157978474924
-0.553014927805 -0.471982100559 -0.150345096881
-0.518330592344 -0.506306749496 -0.131274189492
-0.485964072217 -0.541440372148 -0.109218013394
-0.451469979041 -0.575065709331 -0.0884170998697
-0.410480651628 -0.603984212299 -0.0733631026727
-0.366151528288 -0.627491793324 -0.0583350708744
-0.327415955812 -0.654503052467 -0.0351555805304
-0.281200082585 -0.674632106224 -0.0203347389821
-0.229989316408 -0.685523684353 -0.0162658710862
-0.177686726784 -0.688559126557 -0.0206475278512
-0.125503821451 -0.690926406197 -0.024946884732
-0.0732657987514 -0.692566947752 -0.0285550213027
-0.0209449762316 -0.693941145643 -0.0311303812374
0.028650273075 -0.705968011667 -0.0192212518344
0.0810116408987 -0.707296821724 -0.0194356433584
0.133375299 -0.707891160007 -0.0195639106975
0.18357170248 -0.717211235211 -0.00789487832439
0.2359253391 -0.716368221865 -0.0088495627007
0.28503817913 -0.704240439571 -0.0224474918361
0.331469062631 -0.688497185851 -0.040900510964
0.366493332044 -0.665059446513 -0.0720766825947
0.404570627555 -0.640857729565 -0.0989677543669
0.452382209372 -0.623533705283 -0.111456021829
0.504181929374 -0.615721386853 -0.110953991641
0.554836372437 -0.602245130179 -0.110333330529
0.604135797294 -0.584687648158 -0.107804048996
0.65207325566 -0.564090440225 -0.102180005562
0.692030757248 -0.530584529685 -0.107189636361
0.726451047324 -0.491477246745 -0.114101590435
0.759353247327 -0.450451505871 -0.117027564921
0.797535802404 -0.417313770838 -0.10326253302
0.835889859155 -0.395116986442 -0.0752611727952
0.869850694501 -0.38553584197 -0.0364930954862
0.898883575623 -0.391335708957 0.00682588093692
0.920105130245 -0.411595261764 0.0503167875222
0.942306778522 -0.428652979184 0.0946381979705
0.967192510221 -0.42862549586 0.140752993288
0.992064170951 -0.411708548018 0.183657264215
1.01473490705 -0.379609298852 0.218316721889
1.03265787246 -0.335975184502 0.24112583715
1.04489799962 -0.286934995563 0.255695709102
1.04895564199 -0.234583100289 0.253738075547
1.04218133478 -0.18761336973 0.230629009393
1.03356962167 -0.136585966401 0.222438868304
1.01681739706 -0.0901085464853 0.204915324537
0.99390563037 -0.0496739813882 0.180747271114
0.965621775251 -0.022763407566 0.145803535634
0.934479831729 -0.00984521135482 0.105599517497
0.901589227074 0.0124361893181 0.071449167143
0.869360916728 0.0469503144315 0.0487976269963
0.84092842232 0.0899233781373 0.039473589829
0.815386935331 0.135661714053 0.0380369676555
0.786040017521 0.178457409569 0.0310247399122
0.75456200738 0.219033426901 0.0207794744734
0.722764793266 0.259926976348 0.0122906864733
0.690692200524 0.30028167689 0.00218981040409
0.657977825737 0.339606738756 -0.00985876241799
0.623502913622 0.370782970612 -0.034063647769
0.588754386924 0.393481686873 -0.0662856651486
0.55015287344 0.420005839309 -0.08969533732
0.51114733258 0.450646025984 -0.106477799007
0.472122427565 0.485124153974 -0.11215187315
0.427593756105 0.509691992641 -0.125028327315
0.38218459522 0.527625926555 -0.143995426275
0.338579316942 0.537013944915 -0.171445166784
0.292762004341 0.542282904985 -0.19625782913
0.244142182003 0.548030730264 -0.214918915579
0.193587160367 0.559519381774 -0.222265523216
0.143064007177 0.5612437264 -0.235888064995
0.09529281695 0.553552116702 -0.255908100759
0.0439787039872 0.555650742767 -0.266174703975
-0.00766301150142 0.564138808439 -0.268149048691
-0.0557836952044 0.581602361108 -0.257129670107
-0.0968997340135 0.60522102958 -0.234881311167
-0.135882915451 0.630183070415 -0.21023358625
-0.162504416778 0.659708449405 -0.176055053052
-0.186465779461 0.686513671857 -0.137981990587
-0.220628960858 0.704625545421 -0.102659327104
-0.263910571764 0.712948337625 -0.074374817561
-0.306834499733 0.716914813773 -0.0446607103979
-0.33931670056 0.724316141356 -0.0042609765824
-0.357855184524 0.734843444823 0.0435794503871
-0.365895135399 0.745944685333 0.0942471843119
-0.381427867889 0.753053455808 0.143758917369
-0.408770006146 0.749392149241 0.188286543772
-0.445891811742 0.736347163798 0.22285446998
-0.487513954359 0.718951220758 0.249465450977
-0.532568166348 0.698121761677 0.266132351176
-0.578929375722 0.673960918582 0.268965408143
-0.624226115858 0.648555724237 0.262344636052
-0.668014071852 0.62249524686 0.25023250696
-0.711604453275 0.595853517642 0.238218723372
-0.752871843409 0.56879026711 0.220735929762
-0.790649839055 0.542045055519 0.196255008624
-0.82203449332 0.51346552855 0.165602000933
-0.857354272417 0.478791790594 0.148532213478
-0.893485250655 0.440895074562 0.14852503367
-0.927257871416 0.403928654148 0.16396200316
-0.958663548996 0.364031164696 0.176960159808
-0.985218974722 0.318927598236 0.174073192404
-1.00346011237 0.273614127201 0.155117909164
-1.01870396786 0.225664126188 0.140605292897
-1.02996447863 0.176454180251 0.1266525247
-1.03453302251 0.128442045133 0.106263657885
-1.02974887063 0.0871531831455 0.0744267091605
-1.01807373163 0.0511931042878 0.0382043021777
-1.00802028285 0.004840690948 0.0160250674172
-0.989933763584 -0.0348247543372 -0.0130334638786
