-0.562114977486 0.0221257182785 0.317158687442
-0.589410576861 0.066201528872 0.324552005612
-0.617344416217 0.10413539786 0.347426340382
-0.642888148474 0.13254227409 0.383240396107
-0.664583865792 0.163648462834 0.419356753937
-0.684884077527 0.205775712341 0.44294737632
-0.701341408879 0.254719687051 0.451677313119
-0.714930481763 0.304733749966 0.444196209335
-0.724135115162 0.350922898978 0.421308748921
-0.728742309049 0.387921057325 0.384542052159
-0.727551894897 0.412040452977 0.338083735892
-0.721296186466 0.422674689663 0.287195620904
-0.711081026697 0.420278691584 0.235828621248
-0.698370525737 0.409622491189 0.186089821187
-0.686189803464 0.406563091515 0.135261855787
-0.67133981877 0.390255762937 0.0877655125077
-0.654434442026 0.360704394341 0.047959145573
-0.632852041075 0.321673074418 0.0202580518102
-0.612992856987 0.294121309623 -0.0196282838369
-0.594653932921 0.281785749324 -0.0671338548095
-0.580710778215 0.285447007183 -0.117511270535
-0.571970008741 0.305443263655 -0.165201123388
-0.568112107745 0.336847988218 -0.206934086715
-0.565072224364 0.370930872272 -0.246570848034
-0.564414108257 0.412985690861 -0.277786783216
-0.552621391028 0.445020638745 -0.317519405585
-0.529797462881 0.464000911063 -0.360691896683
-0.499559984092 0.467592803138 -0.40333790443
-0.465467177625 0.468570062334 -0.443182731833
-0.427142723535 0.46578517005 -0.479148812959
-0.385746707663 0.450086706233 -0.507464130014
-0.343057182988 0.426667799599 -0.526873311276
-0.297553085732 0.413886099534 -0.549441785324
-0.251730316389 0.415439371051 -0.574840616973
-0.211045312334 0.435387618824 -0.601273428142
-0.171935464206 0.458387344049 -0.627474158795
-0.12842321522 0.473589762298 -0.652892941603
-0.0837069206867 0.485541241636 -0.677611468624
-0.0394761788512 0.498356352532 -0.702701535677
0.00350607296636 0.519247824486 -0.724187683659
0.0484990590763 0.539846988804 -0.74147514053
0.0996680171793 0.541153909574 -0.752755788014
0.149473344463 0.525029192387 -0.756223965119
0.196433669973 0.501872399373 -0.753825102227
0.248051992869 0.493180955313 -0.750099330541
0.29983914973 0.500936596679 -0.745893045008
0.348034660764 0.521306246205 -0.743521649686
0.399610256142 0.527288630346 -0.736680523435
0.449881522153 0.516990907725 -0.725969115983
0.498926165893 0.502768918674 -0.714407555195
0.549874301901 0.497175098623 -0.703165415987
0.59488758482 0.476027595455 -0.686473353517
0.634487044262 0.450704431041 -0.662829925017
0.663525283289 0.418789807776 -0.633080594488
0.67767529491 0.379988671236 -0.600832717684
0.684786868604 0.339530167726 -0.568297580799
0.677345010899 0.293880920904 -0.543540229431
0.655187340785 0.248840740112 -0.528344895066
0.640419023688 0.20359598852 -0.506494983094
0.640870335486 0.161427165397 -0.475460123126
0.65533961969 0.12660959747 -0.439129017084
0.682369700063 0.102594388232 -0.401248305113
0.707606988246 0.0770572819057 -0.363071549051
0.716861874168 0.0405696306064 -0.326629776686
0.725703738622 0.0066060780649 -0.287747700426
0.734757776577 -0.0226621151474 -0.245277120872
0.740002084237 -0.0518083199543 -0.20209048694
0.730669748975 -0.0875402902057 -0.164960397046
0.731124123146 -0.118981295033 -0.123090534746
0.719578694697 -0.154988455451 -0.0868774151554
0.709776449645 -0.189841644229 -0.0490587065161
0.711603573563 -0.219359332074 -0.00582156872275
0.710853024105 -0.250012939566 0.0366286971751
0.695836342622 -0.285556726288 0.0720187084452
0.691439159617 -0.316262515382 0.114217673032
0.700618945706 -0.338900010466 0.160532432282
0.696449643177 -0.368181495992 0.203746267097
0.678110895289 -0.402273441715 0.239013866531
0.647433320809 -0.437249047168 0.263059603609
0.607694439026 -0.469755211506 0.273408241478
0.563110099979 -0.497090322893 0.270228235198
0.515938497537 -0.518802508884 0.263391038664
0.470387120979 -0.54299508897 0.272417308071
0.431102139461 -0.569507505895 0.294678343138
0.389935657099 -0.595180825153 0.314708935131
0.341388031054 -0.613621014499 0.321723502543
0.290032251807 -0.621788872936 0.315266758381
0.240781677073 -0.619722039498 0.297556648209
0.189328317564 -0.616695341981 0.287664283268
0.137091275942 -0.61560056217 0.291678573301
0.0888215083451 -0.61780735645 0.31193771537
0.0496528494356 -0.622790987397 0.34637588683
0.02367455187 -0.630052622112 0.391294017069
0.0134217397136 -0.639490506404 0.441795198809
0.0192018981792 -0.653099714358 0.492047027062
0.039769517852 -0.669342859364 0.537389489671
0.0452813694988 -0.681190974824 0.588110727534
0.035951993261 -0.68509439817 0.639500062449
0.0132511875858 -0.679829769524 0.686404076842
-0.0207608897643 -0.665900630315 0.723714885013
-0.0623109156634 -0.644719912208 0.747548534344
-0.107197316154 -0.618965631587 0.755594194714
-0.15059252591 -0.590964530082 0.746934812011
-0.187749557928 -0.563472952874 0.722329156739
-0.214653298261 -0.539283382648 0.684477761317
-0.228776062791 -0.520535881809 0.637675676709
-0.240576505943 -0.497904594775 0.591959563446
-0.258688523418 -0.468485150255 0.552574602851
-0.271852662003 -0.442000658636 0.509373144224
-0.291332219996 -0.409476795528 0.473256679146
-0.3183707173 -0.371124191287 0.450022102377
-0.350531458651 -0.330555690396 0.442158213271
-0.384496894984 -0.291010776769 0.447049216651
-0.418209413484 -0.253144191513 0.46019696406
-0.449680351903 -0.21131418743 0.458912185267
-0.475871208372 -0.169211018096 0.442088657438
-0.493804950154 -0.130744539567 0.411421938023
-0.502364338128 -0.0994935322191 0.370289627819
-0.513876121487 -0.063462646319 0.334062033358
-0.532557636972 -0.0205860251033 0.310500160201
