0.10678118936 -0.0939796654343 1.14596645762
0.118572623745 -0.0445438026891 1.13321567703
0.138820524694 -0.00293555959883 1.10871069565
0.162893216182 0.0274295226163 1.07349649643
0.185038423344 0.0536983944633 1.03398935561
0.206715586242 0.0702818848591 0.989306644563
0.221192785815 0.0950622530254 0.94546139288
0.236082308283 0.105244855562 0.896303370165
0.250386644847 0.0977366008964 0.84649569138
0.261936442558 0.0784616445839 0.799158229552
0.269159571821 0.0580464655825 0.751415355353
0.274697228322 0.0461251839028 0.700646433764
0.279616479904 0.0456914044536 0.648424356824
0.286458873967 0.049950383995 0.596626192238
0.290907073553 0.0701621429167 0.548483092747
0.289128949812 0.104273047737 0.508592447797
0.282115934632 0.134716632491 0.466553665043
0.271508425894 0.155898895336 0.419860133565
0.256602554358 0.175008805971 0.373443445405
0.235553481329 0.199507167874 0.332208082651
0.211642836416 0.215355169769 0.288119032205
0.183741174682 0.239262859589 0.250801649921
0.154458030019 0.268214211378 0.218042836596
0.125864348448 0.287197295358 0.178308130028
0.0970540910704 0.307137615457 0.139356947801
0.0671089266911 0.329864071169 0.102882620117
0.0362761730674 0.353748432516 0.0677347778159
0.00506933626954 0.372896892431 0.0300257989219
-0.0283430430492 0.39630011812 -0.00286679266052
-0.0611499259336 0.40923158902 -0.0417364648504
-0.0899562041433 0.405821841529 -0.0853823373482
-0.122831026842 0.408711576232 -0.126044717946
-0.154163259936 0.405995407306 -0.16798325442
-0.180661330266 0.393360445969 -0.21134475229
-0.213893657541 0.391673661754 -0.251806620933
-0.241441581028 0.378625459397 -0.294563862348
-0.267496294778 0.365277576296 -0.337999661228
-0.298736219898 0.360163712246 -0.379750907319
-0.324380303279 0.344538602582 -0.422656666527
-0.351469725964 0.329955119792 -0.465043171912
-0.38021464519 0.315844120395 -0.506535460583
-0.416239466459 0.312218199158 -0.544574000077
-0.458481310365 0.317988110277 -0.575287850017
-0.503560969432 0.327421553488 -0.600339181791
-0.54852219155 0.332898039091 -0.626795879373
-0.595045628916 0.345417880016 -0.648575179027
-0.641683968971 0.362122416598 -0.666657004676
-0.688434058683 0.372989326157 -0.687663165285
-0.735525327631 0.376746103375 -0.710260400275
-0.782343558283 0.370602594346 -0.73291097543
-0.827591426168 0.35579422931 -0.754699825377
-0.864586642351 0.325808037897 -0.776465178204
-0.889431629493 0.283947548149 -0.795756602577
-0.899490648582 0.234820022752 -0.810823685272
-0.893682045369 0.183692417146 -0.820486957093
-0.87218829436 0.13643116373 -0.82722343479
-0.837178753336 0.0975943077017 -0.829876876043
-0.792087225738 0.0710367389181 -0.828272648209
-0.741665161244 0.0579775478676 -0.822915767911
-0.698016005094 0.0292079107933 -0.819753988951
-0.654441297734 0.000454187092672 -0.815546655896
-0.618853896907 -0.0378838859212 -0.813069313185
-0.574113967763 -0.0642262660161 -0.806307264835
-0.524083416518 -0.0756294292316 -0.795903309907
-0.473229568174 -0.0751226118413 -0.783263512107
-0.424024264576 -0.0900970037695 -0.771316521554
-0.376455057432 -0.108589985874 -0.759186426522
-0.329126071348 -0.126997111341 -0.746162277329
-0.279156974534 -0.128944046281 -0.730203552113
-0.229753187071 -0.133499581245 -0.713465937819
-0.180682650511 -0.131238918389 -0.695289875438
-0.132642327552 -0.142470204111 -0.677510684193
-0.0899246665297 -0.168346373449 -0.661786720436
-0.0465758497723 -0.192432758495 -0.644682514918
-0.00687547160435 -0.222824653582 -0.628942823406
0.0220000749712 -0.263965097774 -0.614175428376
0.0601229945802 -0.293475264321 -0.593607327946
0.104308780563 -0.308105158098 -0.569506994051
0.149923905161 -0.305286909948 -0.543867355419
0.193578757881 -0.287110251202 -0.521363223506
0.23045041229 -0.254895291879 -0.502750254034
0.271313267205 -0.236002329434 -0.475987920128
0.312198117901 -0.231822997995 -0.443528467131
0.349266397913 -0.243161984935 -0.408331178039
0.380173936923 -0.264730433349 -0.371966526443
0.409613369869 -0.277840494157 -0.330689864633
0.436924890396 -0.275512164329 -0.286065801519
0.4600255324 -0.259349270278 -0.241916748242
0.479495741784 -0.251585757095 -0.193901035037
0.493968664193 -0.255491209393 -0.143579362056
0.504253444247 -0.249988032131 -0.092385543827
0.509671662769 -0.236363972699 -0.0419929635608
0.514217384929 -0.214792244838 0.00551889404789
0.519547244916 -0.207232143439 0.0571156621239
0.524093046951 -0.208977675005 0.109274018294
0.527505588769 -0.217492517156 0.160864586629
0.529728349731 -0.23810867321 0.209019900642
0.532434526345 -0.246005331915 0.260729989063
0.533905141654 -0.25475835835 0.31237963402
0.530286842414 -0.270612700897 0.362162763591
0.52280211697 -0.268999337014 0.414010708283
0.510448584694 -0.267709326049 0.464872997868
0.494854521487 -0.252027865332 0.512356437628
0.47588381624 -0.235630740582 0.558345303578
0.454902381236 -0.235002322569 0.606410619602
0.433667289106 -0.251061313817 0.651587164487
0.411581333534 -0.281817969401 0.687846803315
0.38887658848 -0.311786978688 0.724527830897
0.363196301754 -0.326680048452 0.767841676276
0.336631789672 -0.333914492503 0.81244246652
0.309242674946 -0.341536621738 0.856442275562
0.282182733491 -0.333015997611 0.900483351519
0.255083864765 -0.31967809416 0.943455295951
0.226668321224 -0.309205176064 0.986330236632
0.1934249593 -0.315318005946 1.02633648013
0.161566420889 -0.305345126426 1.06667065324
0.133289078017 -0.280059839887 1.10275570486
0.111276094486 -0.242065163261 1.13127858776
0.0975039764345 -0.195028128071 1.14973915373
0.0929560390988 -0.14332872977 1.15687844843
