0.270813693903 -0.754113789422 0.037332915037
0.302996699895 -0.753369006966 -0.00397188044247
0.327932180048 -0.744952556798 -0.0492935241034
0.360512711994 -0.732388533073 -0.0884991257232
0.404317299898 -0.727634006219 -0.117063451797
0.438250713972 -0.711982468714 -0.153844041991
0.458263832476 -0.680798867752 -0.191545565481
0.4612328017 -0.648535762935 -0.232878028808
0.450159102353 -0.617718769959 -0.274043068988
0.423618562452 -0.590749862422 -0.310457091519
0.406282942331 -0.561749120142 -0.350665455393
0.402335314561 -0.530389149915 -0.392486810098
0.416110129158 -0.499683534639 -0.432668284768
0.439889741713 -0.470390903988 -0.469223261431
0.445114583506 -0.437323695179 -0.509598618382
0.433114288334 -0.404746943383 -0.549038432794
0.418923401692 -0.371970722599 -0.587505097459
0.418323572583 -0.338073370468 -0.627451651199
0.429479195309 -0.302744047686 -0.664452482918
0.455962454944 -0.268139146976 -0.693537952526
0.494818622033 -0.237889022978 -0.711418961992
0.53454047253 -0.206073160053 -0.723902563398
0.580311948189 -0.180671336049 -0.726126278636
0.614607065663 -0.142017143989 -0.734690975335
0.634417819465 -0.0953005095879 -0.747680689822
0.63437569064 -0.0455062612758 -0.764137147828
0.629454934459 0.00428384156921 -0.780619791083
0.63619150772 0.0550490827026 -0.791584479357
0.630810272915 0.105794435655 -0.803309802566
0.611540366137 0.153155405473 -0.814600810438
0.577839100931 0.191917178618 -0.824805240225
0.537981983698 0.225199716701 -0.832065131661
0.50636039801 0.267007112394 -0.832013138
0.47021579397 0.304776254079 -0.828497687899
0.436325399421 0.343700057081 -0.819643939213
0.411205406618 0.387505441573 -0.805624408188
0.398650472318 0.435671221856 -0.78924005819
0.371598684094 0.478406507695 -0.775661438265
0.332142024274 0.511021182587 -0.764581054117
0.284693845896 0.530946429246 -0.754731856263
0.236818337972 0.549181586528 -0.743906552121
0.190332450078 0.570352716979 -0.7322879603
0.150582467163 0.600692890753 -0.716528382692
0.115430016577 0.635241612423 -0.698663781208
0.0700872817906 0.657783887965 -0.684746999388
0.0193575954989 0.666746370814 -0.674903494854
-0.0323430480397 0.661361321068 -0.667650816624
-0.0823321901885 0.650452326214 -0.656524359135
-0.130969906201 0.647692266684 -0.636476461039
-0.17867751876 0.647950925877 -0.61404766084
-0.223875988579 0.637483013365 -0.58959274752
-0.265735787603 0.626852136667 -0.559861645881
-0.305192102614 0.613621682949 -0.526902912559
-0.33804902746 0.580113541166 -0.501311270585
-0.364111331227 0.541047584601 -0.476645780209
-0.389471166366 0.519453898009 -0.435877886348
-0.410251637943 0.518250133001 -0.387140204438
-0.427210706982 0.518718361001 -0.33746447752
-0.442163327096 0.526895234483 -0.287803424387
-0.457097184467 0.521466612561 -0.237898223771
-0.469284893686 0.509332803551 -0.188408026243
-0.48068654825 0.496569313448 -0.138901087523
-0.49081982076 0.4854263095 -0.0886984035529
-0.498560696144 0.467499501625 -0.0399047295123
-0.507644813134 0.452521335781 0.0095711036183
-0.516065020839 0.431417556609 0.0568445353481
-0.523565177899 0.423102863737 0.108071286167
-0.530011052757 0.423993546586 0.160441244206
-0.536822271852 0.417921055167 0.212361744316
-0.542702984085 0.408745328585 0.263626538535
-0.547085469492 0.408351642178 0.315865074235
-0.551070372861 0.414025912752 0.367822284882
-0.554014798284 0.424159047933 0.419222211428
-0.559474828539 0.422415816085 0.471315706263
-0.562018985169 0.417448262729 0.52346626095
-0.559497129694 0.42000247833 0.5757499165
-0.550005043491 0.428404936339 0.62659881476
-0.534789107299 0.435379330798 0.676280245994
-0.51441135434 0.433938550165 0.724503746933
-0.49195528571 0.415581949825 0.768114993322
-0.472783011103 0.382847277534 0.804259231976
-0.460863391929 0.339107996597 0.830533704446
-0.4561968707 0.28860487688 0.84368753325
-0.459046380983 0.236290389248 0.843584829273
-0.458144515683 0.184073871903 0.848524285475
-0.446280409798 0.134687552731 0.862361964535
-0.430049990271 0.08588091513 0.87312755904
-0.403467553828 0.0452611395099 0.892993471
-0.368297992097 0.0157159277173 0.918197780494
-0.328811875216 -0.00951963827338 0.941992103842
-0.287284341081 -0.0352451975988 0.96089781122
-0.24447242577 -0.0508534747925 0.986875315772
-0.203451774556 -0.0791789719058 1.00326432208
-0.168472902013 -0.117275882519 1.01181487374
-0.143331789236 -0.163145501131 1.00870525608
-0.129234728687 -0.210782640903 0.991566515281
-0.125331293156 -0.254160362605 0.962224537955
-0.130139063787 -0.289483188142 0.923787977017
-0.13882256995 -0.318229621959 0.880896356212
-0.154671391798 -0.338626876181 0.835249257268
-0.164312685861 -0.35933011048 0.788082971242
-0.159884500115 -0.388710103635 0.744926676654
-0.142443819437 -0.424065345584 0.710374074906
-0.117309759369 -0.460811915039 0.682753949509
-0.0894450781551 -0.497237176743 0.65733069105
-0.0627417839453 -0.532660476765 0.629505498225
-0.0341417893731 -0.567544667713 0.602896071049
-0.00479379610015 -0.59962881229 0.573710331371
0.0249437980175 -0.62588315887 0.539523639904
0.0574188060668 -0.64813221634 0.504998381167
0.0907786114307 -0.668305911584 0.469954226794
0.131918671592 -0.689635476466 0.445528723684
0.17360139189 -0.710154073046 0.421334467199
0.204723882046 -0.728018769709 0.383197105934
0.224932624093 -0.741861535891 0.33692294809
0.234996492228 -0.751916222182 0.286521617926
0.232153623026 -0.754510359446 0.234303126466
0.234792051229 -0.758290689095 0.182142434706
0.228206105649 -0.754102440294 0.130369545284
0.239404823655 -0.752286948958 0.0791967769324
