-0.629191670526 -0.588387476656 0.239802753401
-0.601893945184 -0.587303705056 0.195058528524
-0.584195076913 -0.567809779952 0.149565625113
-0.572901510423 -0.542251890002 0.105229548063
-0.551992060652 -0.53033206958 0.0586929304898
-0.52397753267 -0.534050884651 0.0145769586445
-0.501623772778 -0.526016372074 -0.0321232044352
-0.487971222411 -0.505250301951 -0.0782349944389
-0.466820829248 -0.500803473048 -0.125936877387
-0.440681007817 -0.508030858123 -0.170762182638
-0.413501247487 -0.516069260875 -0.214811547338
-0.39193848833 -0.509778230738 -0.262112674324
-0.3754921197 -0.493545482295 -0.309129120334
-0.360322284203 -0.473858704414 -0.355288321319
-0.335707031955 -0.462572468542 -0.40014556229
-0.306236776384 -0.458442417659 -0.443244075236
-0.281121169002 -0.437668311743 -0.484286453798
-0.262055447666 -0.403525049499 -0.519247445119
-0.234662032845 -0.373395180444 -0.552234223539
-0.195895443283 -0.35652273789 -0.583146835641
-0.150243306322 -0.35488661276 -0.608737493176
-0.10328328343 -0.36973713208 -0.626715132822
-0.0589637148536 -0.392048008758 -0.643466908965
-0.0100960432143 -0.395405254795 -0.66202325039
0.0375462598208 -0.380921178099 -0.678387699265
0.0785196972874 -0.35097912489 -0.691597186195
0.127304492363 -0.333254844877 -0.698818966525
0.179663714467 -0.331682156829 -0.699497410845
0.230487238246 -0.318875885178 -0.696527879862
0.270971515297 -0.285902042879 -0.691768320813
0.318927423801 -0.268200041572 -0.68035673454
0.368168254394 -0.266970897449 -0.66257617931
0.414864942538 -0.285245679067 -0.647021456402
0.462390390802 -0.290821262228 -0.625675469478
0.505187112576 -0.277337519615 -0.598576065235
0.542035559661 -0.251542145111 -0.57097008794
0.579142570038 -0.222075952365 -0.54814721193
0.612290303916 -0.185918044606 -0.529791170425
0.651425713645 -0.159651914194 -0.506759243757
0.688070193935 -0.129850325157 -0.484073397351
0.731790412854 -0.115882555153 -0.458816090847
0.776767521095 -0.107508842145 -0.432694147484
0.817255852718 -0.0840040957267 -0.409174103028
0.859902527502 -0.0670787512856 -0.383878514609
0.895442586805 -0.0355775256247 -0.361776435491
0.919209396192 0.00753396687304 -0.343776083525
0.941651629691 0.0491396628678 -0.32103967929
0.97571683064 0.0769476155547 -0.292404610018
1.01216522523 0.102076755494 -0.264407046237
1.03390755655 0.14118942191 -0.237215321692
1.05060600754 0.181041488203 -0.207624401597
1.07295295883 0.21446933131 -0.173847825579
1.09254119734 0.243605733249 -0.134812827275
1.09616314204 0.282779567584 -0.10016999108
1.08604884065 0.324003457687 -0.0694315201458
1.07335316467 0.360467016536 -0.0337493318489
1.04736183247 0.397057290844 -0.00650983634616
1.0116486559 0.429921319735 0.0136043161651
0.982610409837 0.456915179478 0.048078834187
0.959540255409 0.480959735492 0.088533210284
0.940802361008 0.502732107086 0.132549258146
0.910758804684 0.528433715891 0.166980571457
0.872594206247 0.555722727097 0.190387877579
0.826070238571 0.57857092392 0.198445528379
0.776134602208 0.592645633494 0.190664613042
0.72491742338 0.602444901342 0.185466506299
0.673051868454 0.609201450882 0.188666917226
0.62161222774 0.608541092878 0.1785273737
0.569171581152 0.60520091014 0.178826360502
0.520723320989 0.589086639224 0.165243727518
0.469737777616 0.576593289567 0.164417431845
0.419189199525 0.562954325491 0.162413143177
0.368413021949 0.552434536354 0.170402992853
0.317954653609 0.538662617532 0.167759612987
0.267456246368 0.52989970827 0.179582535857
0.216338412419 0.519775823541 0.185156592077
0.166592156773 0.511980768309 0.199610667165
0.12192379557 0.508967178992 0.226825022667
0.0721655382454 0.500642792015 0.240922017117
0.0215041962237 0.487494870114 0.238973551908
-0.0244261368518 0.470613021373 0.220194067857
-0.0749180279672 0.456970604711 0.216246282866
-0.125804299309 0.446644867579 0.223157799373
-0.172706880361 0.441790767088 0.245943350606
-0.212583255969 0.443597097177 0.279854607909
-0.253210154176 0.444684701981 0.313034645233
-0.30107225934 0.438986528022 0.333946922132
-0.351987131305 0.427614106759 0.339345207666
-0.402365810387 0.421466634259 0.354054702112
-0.453374891018 0.409027446216 0.353870533698
-0.504169413866 0.395307903607 0.358086054929
-0.552937006024 0.375309151337 0.359756233454
-0.597944680378 0.348913545021 0.354760616358
-0.642071698337 0.320775086226 0.358411543009
-0.68396702647 0.291193805384 0.369486800205
-0.722413388033 0.261047037791 0.388498596214
-0.75641632196 0.230217562134 0.413820366538
-0.785708080037 0.210531543612 0.452764022138
-0.81846146859 0.179968534766 0.479988435466
-0.846143785967 0.137587174458 0.493715968748
-0.869172025575 0.0903440823509 0.496917146222
-0.885045893887 0.04215710467 0.483285501326
-0.898840542616 -0.0083104949378 0.487576961241
-0.911977828232 -0.054717671489 0.508294005395
-0.92452831727 -0.0920782953684 0.543031908903
-0.93866240677 -0.123551714795 0.582656544152
-0.952237188877 -0.166281513442 0.61002453303
-0.959969143982 -0.216600612319 0.622691005588
-0.96105349086 -0.268926583759 0.619506085086
-0.951116490902 -0.316961284879 0.601089676425
-0.933494539101 -0.355320275822 0.570028310088
-0.910832884488 -0.379167615486 0.529169537498
-0.88456902568 -0.397833224167 0.487615984786
-0.854168652655 -0.431045763399 0.460560406455
-0.821386838199 -0.46815930832 0.443528279576
-0.786000533894 -0.494122739552 0.414858517529
-0.753106277135 -0.509251507868 0.37696395712
-0.719924121956 -0.527780345415 0.340829077719
-0.68687101669 -0.559442423743 0.315172625091
-0.654337067068 -0.588318039079 0.285816723038
