0.285829524646 0.650444681168 -0.246216152762
0.248237418644 0.684704792666 -0.258806688837
0.205525801471 0.704871412156 -0.281801715033
0.163851068088 0.729596219776 -0.302003982188
0.121698759969 0.757732282634 -0.315450794192
0.0801666239554 0.786261637559 -0.329914673324
0.0386059576525 0.810111013602 -0.351240820624
-0.00258781989403 0.82892746794 -0.378325957065
-0.0427114360851 0.845483571704 -0.407678223236
-0.0848281130936 0.858964386176 -0.435937172389
-0.130132610622 0.867442589667 -0.460882234531
-0.174966448077 0.866054889728 -0.487937149604
-0.221277059509 0.859990444464 -0.51206134671
-0.266159289544 0.847441389458 -0.536240556801
-0.316331648428 0.838740431889 -0.548628800043
-0.368614035496 0.837665469617 -0.545275354296
-0.417388397587 0.844949228556 -0.52751813142
-0.465814026024 0.847137530185 -0.5077133626
-0.515304296887 0.837359551318 -0.493458092848
-0.562311709408 0.815316949283 -0.486503468064
-0.607777026001 0.799151711366 -0.466184790606
-0.650532154586 0.775183324225 -0.447708654213
-0.690618412912 0.75106999263 -0.424086752734
-0.726412602396 0.715822268075 -0.409285126407
-0.758772226206 0.677934297826 -0.393042941675
-0.785047847875 0.633512974732 -0.383184988216
-0.810573231706 0.592748352938 -0.361429922991
-0.833553282502 0.559943992289 -0.327684167934
-0.851258072028 0.519243167335 -0.299875710111
-0.861854447073 0.47054436494 -0.283678388621
-0.864368337195 0.418384688642 -0.279727824819
-0.861304364165 0.36611084489 -0.279116636234
-0.85459096294 0.314286520566 -0.275213451654
-0.843850554129 0.263398062569 -0.269148159862
-0.831822305418 0.215069519319 -0.252861068926
-0.819239274412 0.171575289452 -0.226376989037
-0.805054063385 0.129014051876 -0.199307975652
-0.783187623304 0.0830837258297 -0.186874763748
-0.75776001559 0.037326119929 -0.188383545386
-0.735090660339 -0.00791164275405 -0.174938530401
-0.715484596453 -0.050544356034 -0.151640608369
-0.691968919447 -0.0952047880618 -0.137700829474
-0.6651536274 -0.140133547715 -0.135690421645
-0.639558691589 -0.185413282796 -0.128874177805
-0.612766044596 -0.230372337808 -0.126229276613
-0.586203140679 -0.275533676113 -0.12455214863
-0.559023752409 -0.319478610879 -0.116053735709
-0.529154814118 -0.362475377161 -0.116672444109
-0.49827867559 -0.404758524261 -0.117141886311
-0.465493310716 -0.441714812575 -0.134762447216
-0.431670408526 -0.476133623169 -0.155161705929
-0.396780059611 -0.514501940544 -0.163015070014
-0.364094219465 -0.554146031202 -0.152568965875
-0.337895512513 -0.590253837128 -0.124959746371
-0.313231022971 -0.625277727647 -0.0945440223503
-0.281267124802 -0.663474394935 -0.0777389019636
-0.250318643664 -0.701145442816 -0.0582858160617
-0.214027962205 -0.738673995648 -0.0543043686872
-0.176409633028 -0.773712108161 -0.06434288199
-0.138740847951 -0.809434011077 -0.0574995212624
-0.103115497067 -0.8403185326 -0.0347058969847
-0.0729701964159 -0.863484020981 0.00130437401394
-0.0521213315236 -0.875685534866 0.0477572808973
-0.0420025161728 -0.875344218816 0.0991255865407
-0.0423039949965 -0.864012404632 0.150248635479
-0.0255126993923 -0.856621569604 0.199287183408
0.00440672218022 -0.851590519188 0.242010643933
0.0236867524909 -0.833436088082 0.28735795476
0.0293649074449 -0.804545013536 0.330807471763
0.0216895217508 -0.770147907039 0.369619396112
0.0181758147872 -0.735797423796 0.40909814417
0.0253848694234 -0.704386684647 0.45038542716
0.0480020867355 -0.679793734781 0.491052429262
0.0628106298915 -0.650073711931 0.531757474083
0.0836716237517 -0.622837106799 0.571344984347
0.111693867242 -0.600247678374 0.609373425
0.149381147283 -0.583589798774 0.641709780133
0.196841898767 -0.576298685317 0.662640058065
0.246231306917 -0.568448196189 0.678337835017
0.297059838253 -0.560533940568 0.688133676468
0.34820285426 -0.55061634222 0.69342454377
0.395669891621 -0.529849378284 0.701438056468
0.444213781783 -0.51022076138 0.702453657952
0.489686214859 -0.484172288403 0.702657519462
0.534874262262 -0.458390495736 0.69672764673
0.579301492685 -0.433424915039 0.684715210967
0.622790559602 -0.411083839645 0.665981237373
0.664752254068 -0.400511501908 0.6364884461
0.700495383326 -0.404524139454 0.598417494454
0.734652879071 -0.401134098447 0.55874728923
0.767129564993 -0.377619959037 0.524986301055
0.795697488532 -0.349175953954 0.491442793712
0.820262977569 -0.329519249692 0.449564598707
0.840092277482 -0.309227096953 0.405523035275
0.85522613333 -0.28431496477 0.362019500063
0.865631405908 -0.254453418706 0.320187691176
0.868718706394 -0.214074298503 0.286824751543
0.86413791456 -0.169186145663 0.260121360607
0.854106868838 -0.122003381733 0.239503526284
0.83847476272 -0.0759146610995 0.219619917549
0.820850467229 -0.0286182020196 0.204211142456
0.805409234521 0.0178023813608 0.184211426776
0.794996696657 0.0587382119547 0.153082290702
0.782301671416 0.0952584201682 0.117564183804
0.762858926637 0.139100958256 0.0965303813177
0.73993952984 0.184690187683 0.0843435787076
0.717291233 0.23128637916 0.0759067716738
0.690874712656 0.273078208534 0.0585660265142
0.662734117566 0.304101503799 0.0270983743851
0.638038821312 0.322779760891 -0.0151465737099
0.614321515604 0.333957163864 -0.0604770456068
0.590991660775 0.34006362624 -0.107058482324
0.561796026361 0.358194960037 -0.14668658444
0.528613160196 0.387643304134 -0.174673251572
0.494724411993 0.425298323282 -0.188116015064
0.460780765249 0.46451870814 -0.197139726114
0.425968850401 0.50043967795 -0.212798820378
0.390827036503 0.536894784268 -0.22617628691
0.355415401148 0.574574907674 -0.234604294439
0.321473543845 0.61450125528 -0.232683495701
