-0.174686817358 0.374507873909 -0.596781265783
-0.145860544114 0.340974219528 -0.624820486736
-0.107082026512 0.313071269376 -0.646257697081
-0.0600018360922 0.296496274277 -0.66211202339
-0.0138587244569 0.277475823828 -0.677975920788
0.0268349124997 0.248125589435 -0.692963825932
0.0734938494735 0.22552781896 -0.700496228883
0.125209323178 0.217228102905 -0.701462303408
0.177488787157 0.216510132782 -0.698557162457
0.228638554882 0.204787560293 -0.698710659142
0.276571125724 0.183855830786 -0.701679393175
0.314909749677 0.14844417524 -0.70635272968
0.339200080682 0.102320979874 -0.711597048948
0.349259660924 0.0511609607266 -0.716498818769
0.352731286571 -0.00102759796269 -0.719122182521
0.339257035792 -0.0514170732642 -0.723890908873
0.341731066101 -0.103735401041 -0.723980152477
0.360126526512 -0.152644242783 -0.720399316552
0.393696873216 -0.192387222791 -0.714253801848
0.434983257001 -0.223815665631 -0.706163103713
0.464687075102 -0.266648243544 -0.70054251532
0.477142804908 -0.317455038957 -0.696633595838
0.471698558838 -0.369420320045 -0.69179629583
0.450813338514 -0.417316008395 -0.686328431902
0.417916310354 -0.45858759498 -0.682647916514
0.394580454183 -0.506029045085 -0.671441321229
0.377825406714 -0.548973053845 -0.645512982112
0.342207760737 -0.577626050851 -0.618841819705
0.296191856397 -0.598684766656 -0.604142936442
0.245400760212 -0.609592592244 -0.597566746199
0.196149613255 -0.621383456213 -0.584230248743
0.149588179495 -0.634590868011 -0.564244789522
0.101738780355 -0.640877318193 -0.543850244143
0.0589892908554 -0.651296551183 -0.515179077606
0.0261628128434 -0.669606400859 -0.478655347872
0.00451603489202 -0.697260579422 -0.439605989548
-0.00676816109198 -0.729723030476 -0.399988277498
-0.0077285857862 -0.765439084125 -0.361678677215
-0.0219697299501 -0.791747719323 -0.318085951649
-0.0456185722106 -0.808605447041 -0.274246583045
-0.0782088828864 -0.81332953441 -0.233107800331
-0.110023447805 -0.813395923016 -0.191461425546
-0.136941136092 -0.81369072686 -0.146505827686
-0.157369800134 -0.815444223206 -0.0982991440637
-0.162297083122 -0.825660475598 -0.0471428042724
-0.156335910523 -0.838250605335 0.00334631500974
-0.139442994498 -0.853601367219 0.0504825149632
-0.125934543832 -0.865591679043 0.0996516500738
-0.0979770185551 -0.882700389278 0.140516882331
-0.0802710525008 -0.888503396479 0.189512523307
-0.0758406556154 -0.880414482743 0.241070058155
-0.0844493728735 -0.859851161711 0.288462731934
-0.0995997104212 -0.83170113696 0.329978651911
-0.117998336492 -0.798475383786 0.366026273655
-0.14141857479 -0.760284149698 0.393187505783
-0.160212318976 -0.719093899059 0.420010991959
-0.161440972788 -0.679377583094 0.454598667365
-0.150722113329 -0.643028520847 0.491037703093
-0.140089111985 -0.600520808436 0.51979330661
-0.137735652185 -0.554433618052 0.544600431122
-0.148078424652 -0.505577478226 0.560678944648
-0.168642475477 -0.457866519936 0.567334570574
-0.181215808783 -0.408648813681 0.580041353349
-0.200093437437 -0.360312316724 0.587174833545
-0.20903731891 -0.311207462559 0.603622026025
-0.209546649259 -0.264047252322 0.628159743948
-0.225351434282 -0.213831265628 0.634321151792
-0.233722633494 -0.163105011995 0.644818601394
-0.22985932977 -0.114283062661 0.663361990792
-0.214634969025 -0.0707950769524 0.688310248411
-0.188234361119 -0.0368585719533 0.718217512924
-0.161135280526 -0.00319429132107 0.748073060922
-0.141125731033 0.0381332562749 0.77329404392
-0.130098743375 0.0857695600062 0.792088070819
-0.132927305261 0.137499172798 0.800223691157
-0.127281624114 0.187457280304 0.815201751861
-0.106556512133 0.230460150701 0.837108248663
-0.0821478297406 0.272975878704 0.855851577905
-0.0509045617725 0.312000110758 0.871895481524
-0.0324925656669 0.36098910046 0.875202231749
-0.0184240885257 0.411493673742 0.871935694869
-0.00324797580406 0.46198134836 0.869938837602
0.0137270073908 0.510734261532 0.860338252404
0.0356183688068 0.555011325204 0.84288417442
0.0551699666241 0.597941139948 0.81995149661
0.0618600275097 0.637771533954 0.786450151575
0.0520607588629 0.669985960145 0.746195322747
0.0274076947071 0.690605796892 0.704710574029
0.00985324316746 0.709784190612 0.659256681399
0.00961314689938 0.730253553077 0.611057243509
0.0267757734238 0.750548520394 0.565921171375
0.0533996127229 0.768288886667 0.524442968153
0.0830351285722 0.781784827464 0.483416755916
0.10219023452 0.788765724401 0.435174083745
0.118396553078 0.791184437438 0.385399816247
0.130939461769 0.79194478549 0.334558762661
0.143022003032 0.792983153962 0.283592211812
0.138984739703 0.790490454381 0.231429643638
0.119236926522 0.784798817434 0.183239455852
0.0962836247092 0.778830309398 0.136472423605
0.0770168401167 0.773046076743 0.0881188997185
0.0545413833414 0.7661564643 0.0413088419808
0.0239778226572 0.756771413615 -0.000161446773068
-0.00512548468201 0.746000759268 -0.0423656684983
-0.0355967401289 0.733544589618 -0.0835155054315
-0.0811163457901 0.719079994206 -0.105800477111
-0.131545132384 0.704454748535 -0.109876138773
-0.181908333805 0.69007081988 -0.111805851959
-0.230436732972 0.672752532602 -0.121486367625
-0.270442176762 0.652141583002 -0.148310018331
-0.296379610226 0.628751347281 -0.18733916618
-0.308924718243 0.607263986149 -0.233494235513
-0.314548727404 0.585373593498 -0.28073361552
-0.312499976067 0.562018334518 -0.32754570952
-0.299873393896 0.542225937186 -0.374352255737
-0.289947438955 0.516473613864 -0.418995491376
-0.285287126844 0.484351621237 -0.460100068605
-0.264671141273 0.456659918272 -0.499488943724
-0.239036487395 0.428269298417 -0.535368774782
-0.202869131219 0.406606107105 -0.566497291621
