0.27682950883 -0.336764650351 0.760135198907
0.307768207737 -0.35311653672 0.721187181201
0.330321553908 -0.368718912474 0.676451461042
0.34406610287 -0.382984208561 0.627976533061
0.359128606521 -0.392190652316 0.578656749568
0.370282458649 -0.398457576766 0.527882886286
0.383661622919 -0.401984381604 0.477373148694
0.403996492103 -0.402336075314 0.429108178745
0.431129484242 -0.395884639788 0.384622112493
0.463851780283 -0.388639120679 0.343462968287
0.50504408686 -0.378776683069 0.309848417424
0.52197794496 -0.353474686726 0.26629013332
0.537661930354 -0.336812016255 0.219175161549
0.5467889978 -0.323031254215 0.169348617227
0.560645785649 -0.305859034606 0.121831616997
0.576004393164 -0.288495358403 0.074493096303
0.592429296146 -0.268370161248 0.0289724902885
0.611926878593 -0.246822985212 -0.0149399234514
0.614064467858 -0.228290439839 -0.0641691551658
0.597995166695 -0.215122027364 -0.112302651978
0.58095508116 -0.198052178756 -0.158810784498
0.560350231925 -0.182273827255 -0.204324440442
0.538277202577 -0.166411393274 -0.249115274102
0.512916963422 -0.150103896021 -0.29195031058
0.484033883103 -0.134269449626 -0.332988446681
0.456887673031 -0.112881024712 -0.372328244141
0.424663041577 -0.0915438961483 -0.407669976703
0.386719588865 -0.0719826903666 -0.438041622048
0.3421577806 -0.0551753905035 -0.460533096884
0.2950827593 -0.0385587862814 -0.476643682532
0.252410019905 -0.0136476018806 -0.494022468178
0.214171452003 0.0165892856605 -0.513266627525
0.174244008747 0.0465387365943 -0.53097527455
0.151418933566 0.0877087377625 -0.554071230147
0.146272762972 0.134733111151 -0.576567562834
0.159710959668 0.181754291999 -0.595349008643
0.189109440101 0.223355679 -0.607649981183
0.231184568397 0.254425318627 -0.61098221434
0.281035485599 0.270370123593 -0.607222034637
0.332570437427 0.270780891951 -0.597427534856
0.38347697732 0.280760779951 -0.588120269335
0.432253743809 0.297914278895 -0.579665388321
0.47305963959 0.330466729618 -0.57520769251
0.501743427144 0.374259241298 -0.573164161352
0.513794191452 0.425236492623 -0.572523430903
0.513119648534 0.477597283062 -0.571780623256
0.496943275512 0.527424879549 -0.571468307782
0.465102584558 0.569005592379 -0.571584216985
0.422877822775 0.600063535139 -0.571575676826
0.374080244218 0.619182202016 -0.57156406297
0.321730514521 0.619875732591 -0.572575568314
0.272074522059 0.603342805691 -0.574199399575
0.233886363823 0.567587864835 -0.57717240167
0.198241386394 0.529195258926 -0.578418311071
0.180107589879 0.48008647228 -0.579681557881
0.177381413182 0.42776122931 -0.580089672539
0.191763138505 0.377348598137 -0.57986434945
0.209478152614 0.328102855097 -0.575784313483
0.216805344711 0.276924289654 -0.567194984347
0.21253458561 0.225941439883 -0.555896914914
0.191340225261 0.180247019866 -0.541534054865
0.156544243509 0.144275320732 -0.526103973767
0.111818182765 0.121470118549 -0.511218326013
0.0615236953728 0.114414722648 -0.498483227817
0.0107279392865 0.123478591247 -0.489594385117
-0.035558041194 0.147733486279 -0.486155644844
-0.0734643411798 0.18399935521 -0.488372460578
-0.121013482983 0.205711705726 -0.484101469702
-0.171315578806 0.212299811387 -0.470899900464
-0.217276461991 0.203567311372 -0.446847452704
-0.254231666512 0.17948715181 -0.41810850405
-0.279634889536 0.139433203379 -0.395057476146
-0.312963139284 0.105363350205 -0.373086518374
-0.354183546034 0.0857493064436 -0.347306503903
-0.398640064741 0.0832396430474 -0.319589183721
-0.4412764949 0.0973215783657 -0.292533280253
-0.478661050983 0.124025346208 -0.267345486429
-0.5144139112 0.144512789067 -0.234996758132
-0.549927932384 0.157328382165 -0.198723141306
-0.584268404584 0.156024253041 -0.159224851634
-0.616825238928 0.14699417803 -0.119174448411
-0.649572474784 0.14292686548 -0.0785068201359
-0.682047645435 0.141802030654 -0.0373790390946
-0.712670363884 0.132790558806 0.00419803330981
-0.738702462772 0.120681747448 0.0480724437455
-0.761759816568 0.112337248797 0.0944239628834
-0.783150701085 0.107490510693 0.142017288068
-0.805350452056 0.109858973615 0.18944997532
-0.821421032053 0.0948642263561 0.237025408962
-0.828170627266 0.069080907805 0.282535090551
-0.8279506909 0.0411320924697 0.326902508964
-0.817479642667 0.00195571598187 0.360134697501
-0.80967604788 -0.0258638854251 0.403832774423
-0.795797693477 -0.060627376355 0.440791912172
-0.778414455653 -0.0932297519415 0.478217845152
-0.756789320358 -0.123757237183 0.514859218137
-0.73545571715 -0.14251184315 0.559186616245
-0.708367298691 -0.163108405438 0.598981541037
-0.678221874348 -0.180334789323 0.638188695038
-0.642706235197 -0.199099949556 0.671847560381
-0.601445259265 -0.224202013459 0.6923095158
-0.559762686845 -0.255505008016 0.698676107344
-0.518160374969 -0.287203758281 0.696221418674
-0.472107607549 -0.311337821329 0.702525874454
-0.424650473704 -0.325004576694 0.720063236539
-0.379964969735 -0.326359718914 0.747528577709
-0.334582402435 -0.322923081944 0.773424819168
-0.286993075094 -0.31755648473 0.794580243301
-0.247100007702 -0.299427663472 0.823244568645
-0.218505683216 -0.273440544973 0.858659781675
-0.180507060085 -0.251948082519 0.887609507949
-0.133236303626 -0.238739958742 0.905879123046
-0.0812859553823 -0.235429697189 0.911553836741
-0.0292009710968 -0.239389301422 0.907548421161
0.0181927602821 -0.253738025135 0.890512651228
0.0680578578972 -0.263457187841 0.877348731298
0.118361057265 -0.271098308912 0.865006685624
0.169133194257 -0.277345686175 0.853810190785
0.213490560235 -0.294164772624 0.831560989408
0.24547030574 -0.318094773082 0.797679953215
