-0.539833703061 -0.205410458708 0.284887531134
-0.551822030295 -0.190138220236 0.23602122745
-0.55377766987 -0.180266673869 0.184555454413
-0.565661102377 -0.164521937989 0.136000297301
-0.589503217565 -0.142149362462 0.0951030003938
-0.615830321762 -0.118086381683 0.0567345103272
-0.651263587491 -0.086420580733 0.0346639292704
-0.688446249005 -0.052929421562 0.0189466347803
-0.715375421223 -0.0217381924964 -0.0134110010625
-0.730216904271 0.00390936649647 -0.0566364608245
-0.73138036024 0.0213153915683 -0.106040703721
-0.730948941412 0.0388216615192 -0.155503392363
-0.720353936781 0.049232955751 -0.20616066168
-0.712277038971 0.0628545778038 -0.256117464428
-0.704237688916 0.0774077686647 -0.305781578774
-0.685523527763 0.0835846502443 -0.354307127285
-0.655480926968 0.0783973037337 -0.396913404526
-0.624720590123 0.072923107785 -0.438938883737
-0.59331699558 0.0712275002753 -0.480876987449
-0.569249267002 0.0837093512352 -0.525702902698
-0.55673793147 0.109767457649 -0.569396849405
-0.549268267128 0.142339959866 -0.609774872443
-0.55235323712 0.181597943642 -0.64433837278
-0.557963486758 0.222322815597 -0.676867871305
-0.551130733024 0.259650211819 -0.712994549494
-0.53623544474 0.292498402529 -0.751027373037
-0.516275871446 0.322207083809 -0.789317807293
-0.486405273188 0.342474212516 -0.827410174186
-0.455393306823 0.36249064953 -0.864552681207
-0.426465836025 0.38603851969 -0.901299701417
-0.39820155856 0.414074400911 -0.935361372756
-0.362796909169 0.439013581257 -0.964817220341
-0.31713093948 0.452361763478 -0.986802478153
-0.273892737139 0.474676392494 -1.00613831536
-0.223754767799 0.484950177954 -1.0172724538
-0.171479910365 0.482366853022 -1.01903475028
-0.120090178669 0.492371515392 -1.02070922976
-0.0733713316226 0.516060107042 -1.02182516305
-0.0244765433132 0.533748143602 -1.01566169498
0.0254323598123 0.536506109213 -1.00005849435
0.0727086967611 0.523221941631 -0.981543907515
0.113786952502 0.495905000069 -0.963626985062
0.153211676615 0.467176208326 -0.943567081767
0.197362467378 0.451844171688 -0.919194744109
0.23890498107 0.452854259673 -0.886806846719
0.278711277292 0.471272984902 -0.857915743865
0.317683081575 0.490595532497 -0.828598609708
0.356746401515 0.497944293743 -0.793371391932
0.393350596828 0.495189330398 -0.755623488036
0.425359379195 0.479814025269 -0.716875634935
0.45195030803 0.45521533184 -0.678698330205
0.475437240062 0.426777069034 -0.641412881353
0.496433366542 0.394838666076 -0.605582173316
0.514754218312 0.357516756367 -0.573637167942
0.529533997838 0.314528170556 -0.547249719304
0.535967214935 0.271326387922 -0.518328617451
0.546789668416 0.232279185605 -0.485018356228
0.562047855183 0.198494641602 -0.447844162486
0.578715340374 0.167586189633 -0.409011628343
0.601622256364 0.146603178991 -0.36683964453
0.626955624905 0.131243426479 -0.323647681401
0.643186384863 0.103420082603 -0.282374313578
0.646496485899 0.0660487018303 -0.245831344161
0.656285047513 0.034559209556 -0.205116972371
0.658377275898 -0.00205162032348 -0.167701269622
0.657451802105 -0.0351675439652 -0.1271018628
0.658529186641 -0.065693310492 -0.0844808233875
0.656103864477 -0.0955763642995 -0.0413909352173
0.660092231434 -0.118531521374 0.00550240470804
0.67048263689 -0.132795629471 0.0548060284576
0.670377787198 -0.154013807151 0.102681784247
0.660674778429 -0.178562273839 0.147913029329
0.643594826527 -0.203990696086 0.190578773685
0.611029169574 -0.236509397153 0.216498809677
0.586726890368 -0.256040632416 0.258944320591
0.566593396792 -0.268107054798 0.305787951871
0.55073760661 -0.275350288129 0.355193571254
0.528994472751 -0.286165888011 0.401661721025
0.5026615269 -0.299904307701 0.444804300815
0.475249544489 -0.313431599679 0.487348032849
0.441638413328 -0.327094683732 0.525220298969
0.403048722862 -0.341867827611 0.557463304743
0.371569160626 -0.351195239021 0.59829322914
0.329268319354 -0.365037309544 0.626003728199
0.290083103051 -0.376700014103 0.658804612684
0.261750663482 -0.37840293436 0.702833584003
0.246944334215 -0.370488526531 0.752440534917
0.247905604837 -0.353635482843 0.802006496622
0.265224517359 -0.330347783856 0.845591593208
0.295638734681 -0.303267526267 0.878529741873
0.325030025381 -0.275552575888 0.91187177322
0.339606571929 -0.250333216408 0.955380408534
0.339192446077 -0.229943010659 1.00360616939
0.323978068567 -0.216788464661 1.05195786212
0.29311801497 -0.207363511093 1.0932206537
0.250740738143 -0.204283840271 1.12383348501
0.200711571939 -0.208081335964 1.13881699623
0.149171973449 -0.217225995536 1.13717949215
0.101667960238 -0.231190397501 1.12006919926
0.0564831308637 -0.245432006659 1.09777209951
0.011580424859 -0.259141299848 1.07454749362
-0.0257572489469 -0.277498365196 1.04272149072
-0.0503446301365 -0.30034174344 1.00237761053
-0.0879900495224 -0.316874661939 0.969896813193
-0.134998107833 -0.32582650225 0.948595983651
-0.176258786917 -0.338100386115 0.918739193356
-0.205114141787 -0.354813850061 0.878304338651
-0.217372477939 -0.3724841684 0.830431777936
-0.236336054896 -0.383696108778 0.782855386178
-0.267181699573 -0.386116634487 0.740504551523
-0.30618244767 -0.38014452994 0.705807931998
-0.337144664898 -0.368810180245 0.665088670234
-0.355577427115 -0.358299332114 0.61710112408
-0.38463388895 -0.337860905651 0.578213980747
-0.422600081064 -0.312967057785 0.551453564546
-0.453812016044 -0.291055917448 0.515419909065
-0.476832860682 -0.27162504092 0.472582427483
-0.489221665678 -0.256211762761 0.424078594118
-0.505022661995 -0.239151082069 0.377137334706
-0.526437720915 -0.218350305798 0.334057557889
