0.484850008574 -0.162702567189 -0.19728871148
0.48351186201 -0.154248690897 -0.145626103124
0.479618853845 -0.147247111732 -0.0938357438925
0.474682020859 -0.1352415639 -0.0430105633072
0.465337164868 -0.124246164764 0.00739589266071
0.450033136379 -0.108896340987 0.0550912871646
0.430241526208 -0.0833714274778 0.0965562778807
0.406160673258 -0.0608111986849 0.137444028093
0.38094935298 -0.041261528922 0.179009800306
0.356250528147 -0.0252186991794 0.222351565179
0.327194840458 -0.0190886908829 0.265614105571
0.297315265797 -0.0300011268226 0.307289984865
0.266922984741 -0.0504673524356 0.344713103012
0.235317036181 -0.0695919937984 0.381819043501
0.207883448998 -0.0985681926125 0.415843750534
0.180633088043 -0.129196372447 0.448523505668
0.152701401235 -0.15987601169 0.480532996969
0.11818418233 -0.175914344077 0.516574972674
0.082793387834 -0.19060391171 0.552308410144
0.0476885118002 -0.208207143375 0.586949215208
0.0102375811309 -0.219070104624 0.621907759
-0.0259142530028 -0.236814125988 0.655371225307
-0.0635991827459 -0.250552541511 0.689233644243
-0.0964387418147 -0.278484437294 0.719114390665
-0.131612965737 -0.301649700544 0.750227015944
-0.163275361567 -0.331205866937 0.779659564181
-0.200012480613 -0.345217498492 0.814471541352
-0.237958061005 -0.351910559591 0.850127986981
-0.272841274031 -0.371415247784 0.884170944325
-0.311356065446 -0.378149522116 0.919111554614
-0.350557380837 -0.372886387829 0.953577606466
-0.39130448386 -0.354679600112 0.980966592863
-0.430726245845 -0.330126594772 1.00541237405
-0.469476013054 -0.303042687107 1.02800780124
-0.500005170967 -0.263143236714 1.04304431352
-0.528050714885 -0.221473618712 1.05891080383
-0.560584364401 -0.184712450706 1.07757433616
-0.582201966068 -0.137061839292 1.08266814814
-0.592394080457 -0.0862034604289 1.07439187314
-0.587881591911 -0.0367967257369 1.05719605657
-0.569085476065 0.00641468842269 1.03419758046
-0.546165775058 0.045824416655 1.00762603726
-0.529750935458 0.086761471534 0.978930283399
-0.519769164739 0.128155951019 0.948316416649
-0.522208922276 0.171996688694 0.919750934219
-0.528118860946 0.213869926892 0.888823276913
-0.534993883502 0.252808031987 0.854455383667
-0.526703674856 0.283683033492 0.812965220544
-0.505681336261 0.304134033129 0.769585096885
-0.476254517154 0.314696543761 0.727582066781
-0.439546663793 0.313642395609 0.690244670319
-0.398715962382 0.302177657518 0.659482429014
-0.356741465844 0.284028912282 0.633913925391
-0.316359443886 0.269169657897 0.604073619543
-0.282362813191 0.266328947233 0.564354738988
-0.257934842525 0.275585268695 0.518977547354
-0.247652000301 0.298037600421 0.472731069537
-0.237160612225 0.319470154392 0.42575486504
-0.223064270771 0.336271086021 0.378160112081
-0.215302309735 0.357507827925 0.3309255103
-0.210660864299 0.380423706654 0.284001365054
-0.211861158662 0.407362056647 0.238944547472
-0.222464419105 0.43521813804 0.195891335343
-0.227755777113 0.455811800159 0.148011445537
-0.226595373616 0.470263631585 0.0976979752408
-0.213524913106 0.47342045747 0.0470864595457
-0.190796465542 0.466455581258 0.000383612912674
-0.172464208178 0.463361885643 -0.0486565557964
-0.149962676594 0.456083553671 -0.0953876692673
-0.123617394757 0.444463549511 -0.139479097183
-0.109369792954 0.441662399222 -0.189979397608
-0.0863848812445 0.429800552318 -0.235585205056
-0.0749598141465 0.424688141051 -0.286447481487
-0.0542630753973 0.410348228347 -0.332391754015
-0.0401495584316 0.401931934587 -0.382226802177
-0.0174107903622 0.384820641779 -0.426246422741
-0.00438487697514 0.373877269069 -0.475778898484
0.000417234250623 0.36581293107 -0.52730661166
0.0142287590812 0.347992324895 -0.574694867871
0.0150465891854 0.341274743079 -0.626940947609
0.0302275907854 0.320752620224 -0.672767680818
0.0540816875362 0.292560842095 -0.709961481756
0.0819185073308 0.259972856327 -0.740131722429
0.110128255024 0.226127561518 -0.768519229516
0.129336076728 0.198516637049 -0.808706682873
0.145539889388 0.170095205965 -0.849710274804
0.14702445222 0.148861196965 -0.897680647481
0.135099151506 0.135594813109 -0.946978133837
0.116540995164 0.123379114546 -0.994419198968
0.0977243969781 0.104113297123 -1.03941410105
0.0724282655098 0.0854024742438 -1.08126732893
0.0549127977542 0.0531917046593 -1.11867600587
0.0478002670755 0.00994304039187 -1.14738052388
0.053101133974 -0.0399546446905 -1.162866238
0.0722666848026 -0.0887420420181 -1.16651613359
0.102729086533 -0.131371404319 -1.15923615591
0.128933449152 -0.176600052044 -1.15439723634
0.164095061724 -0.212131119775 -1.13844933444
0.199006371922 -0.247283986348 -1.12144692711
0.236981831544 -0.27383826919 -1.09667949381
0.267291809326 -0.310762337625 -1.07524869011
0.292468352035 -0.351406146896 -1.05352921312
0.314400049186 -0.391298014104 -1.02741871086
0.339550270246 -0.4182047148 -0.989694448519
0.366258757809 -0.424719801131 -0.944731189375
0.391726781276 -0.420983872489 -0.898626071747
0.41505520558 -0.41974998641 -0.851710717543
0.434339644411 -0.419402993332 -0.80302879935
0.449061191605 -0.411952205775 -0.753053344404
0.459228500534 -0.409272990229 -0.701749342962
0.46543247118 -0.392694376607 -0.652473487051
0.470538671683 -0.36309332046 -0.609511263955
0.474671013056 -0.340642312349 -0.562369861387
0.477626092841 -0.304338741106 -0.524710182431
0.479784587625 -0.268345163581 -0.486687315698
0.482118013012 -0.239304039325 -0.443155594166
0.483566672129 -0.209180174078 -0.400306038283
0.485255314141 -0.187593924057 -0.352621830464
0.486494709327 -0.180784302778 -0.300364452801
0.483445871853 -0.171141608456 -0.248953079095
