1.0 2.88542338171e-17 0.0
0.998629534755 0.0523359562429 0.0
0.994521895368 0.104528463268 0.0
0.987688340595 0.15643446504 0.0
0.978147600734 0.207911690818 0.0
0.965925826289 0.258819045103 0.0
0.951056516295 0.309016994375 0.0
0.933580426497 0.358367949545 0.0
0.913545457643 0.406736643076 0.0
0.891006524188 0.45399049974 0.0
0.866025403784 0.5 0.0
0.838670567945 0.544639035015 0.0
0.809016994375 0.587785252292 0.0
0.777145961457 0.62932039105 0.0
0.743144825477 0.669130606359 0.0
0.707106781187 0.707106781187 0.0
0.669130606359 0.743144825477 0.0
0.62932039105 0.777145961457 0.0
0.587785252292 0.809016994375 0.0
0.544639035015 0.838670567945 0.0
0.5 0.866025403784 0.0
0.45399049974 0.891006524188 0.0
0.406736643076 0.913545457643 0.0
0.358367949545 0.933580426497 0.0
0.309016994375 0.951056516295 0.0
0.258819045103 0.965925826289 0.0
0.207911690818 0.978147600734 0.0
0.15643446504 0.987688340595 0.0
0.104528463268 0.994521895368 0.0
0.0523359562429 0.998629534755 0.0
1.32471650704e-16 1.0 0.0
-0.0523359562429 0.998629534755 0.0
-0.104528463268 0.994521895368 0.0
-0.15643446504 0.987688340595 0.0
-0.207911690818 0.978147600734 0.0
-0.258819045103 0.965925826289 0.0
-0.309016994375 0.951056516295 0.0
-0.358367949545 0.933580426497 0.0
-0.406736643076 0.913545457643 0.0
-0.45399049974 0.891006524188 0.0
-0.5 0.866025403784 0.0
-0.544639035015 0.838670567945 0.0
-0.587785252292 0.809016994375 0.0
-0.62932039105 0.777145961457 0.0
-0.669130606359 0.743144825477 0.0
-0.707106781187 0.707106781187 0.0
-0.743144825477 0.669130606359 0.0
-0.777145961457 0.62932039105 0.0
-0.809016994375 0.587785252292 0.0
-0.838670567945 0.544639035015 0.0
-0.866025403784 0.5 0.0
-0.891006524188 0.45399049974 0.0
-0.913545457643 0.406736643076 0.0
-0.933580426497 0.358367949545 0.0
-0.951056516295 0.309016994375 0.0
-0.965925826289 0.258819045103 0.0
-0.978147600734 0.207911690818 0.0
-0.987688340595 0.15643446504 0.0
-0.994521895368 0.104528463268 0.0
-0.998629534755 0.0523359562429 0.0
-1.0 1.51318913732e-16 0.0
-0.998629534755 -0.0523359562429 0.0
-0.994521895368 -0.104528463268 0.0
-0.987688340595 -0.15643446504 0.0
-0.978147600734 -0.207911690818 0.0
-0.965925826289 -0.258819045103 0.0
-0.951056516295 -0.309016994375 0.0
-0.933580426497 -0.358367949545 0.0
-0.913545457643 -0.406736643076 0.0
-0.891006524188 -0.45399049974 0.0
-0.866025403784 -0.5 0.0
-0.838670567945 -0.544639035015 0.0
-0.809016994375 -0.587785252292 0.0
-0.777145961457 -0.62932039105 0.0
-0.743144825477 -0.669130606359 0.0
-0.707106781187 -0.707106781187 0.0
-0.669130606359 -0.743144825477 0.0
-0.62932039105 -0.777145961457 0.0
-0.587785252292 -0.809016994375 0.0
-0.544639035015 -0.838670567945 0.0
-0.5 -0.866025403784 0.0
-0.45399049974 -0.891006524188 0.0
-0.406736643076 -0.913545457643 0.0
-0.358367949545 -0.933580426497 0.0
-0.309016994375 -0.951056516295 0.0
-0.258819045103 -0.965925826289 0.0
-0.207911690818 -0.978147600734 0.0
-0.15643446504 -0.987688340595 0.0
-0.104528463268 -0.994521895368 0.0
-0.0523359562429 -0.998629534755 0.0
-1.12457709125e-16 -1.0 0.0
0.0523359562429 -0.998629534755 0.0
0.104528463268 -0.994521895368 0.0
0.15643446504 -0.987688340595 0.0
0.207911690818 -0.978147600734 0.0
0.258819045103 -0.965925826289 0.0
0.309016994375 -0.951056516295 0.0
0.358367949545 -0.933580426497 0.0
0.406736643076 -0.913545457643 0.0
0.45399049974 -0.891006524188 0.0
0.5 -0.866025403784 0.0
0.544639035015 -0.838670567945 0.0
0.587785252292 -0.809016994375 0.0
0.62932039105 -0.777145961457 0.0
0.669130606359 -0.743144825477 0.0
0.707106781187 -0.707106781187 0.0
0.743144825477 -0.669130606359 0.0
0.777145961457 -0.62932039105 0.0
0.809016994375 -0.587785252292 0.0
0.838670567945 -0.544639035015 0.0
0.866025403784 -0.5 0.0
0.891006524188 -0.45399049974 0.0
0.913545457643 -0.406736643076 0.0
0.933580426497 -0.358367949545 0.0
0.951056516295 -0.309016994375 0.0
0.965925826289 -0.258819045103 0.0
0.978147600734 -0.207911690818 0.0
0.987688340595 -0.15643446504 0.0
0.994521895368 -0.104528463268 0.0
0.998629534755 -0.0523359562429 0.0
