0.0 1.0 0.0
0.0522642316338 0.998629534755 0.0523359562429
0.103955845409 0.994521895368 0.104528463268
0.154508497187 0.987688340595 0.15643446504
0.203368321538 0.978147600734 0.207911690818
0.25 0.965925826289 0.258819045103
0.293892626146 0.951056516295 0.309016994375
0.334565303179 0.933580426497 0.358367949545
0.371572412739 0.913545457643 0.406736643076
0.404508497187 0.891006524188 0.45399049974
0.433012701892 0.866025403784 0.5
0.456772728821 0.838670567945 0.544639035015
0.475528258148 0.809016994375 0.587785252292
0.489073800367 0.777145961457 0.62932039105
0.497260947684 0.743144825477 0.669130606359
0.5 0.707106781187 0.707106781187
0.497260947684 0.669130606359 0.743144825477
0.489073800367 0.62932039105 0.777145961457
0.475528258148 0.587785252292 0.809016994375
0.456772728821 0.544639035015 0.838670567945
0.433012701892 0.5 0.866025403784
0.404508497187 0.45399049974 0.891006524188
0.371572412739 0.406736643076 0.913545457643
0.334565303179 0.358367949545 0.933580426497
0.293892626146 0.309016994375 0.951056516295
0.25 0.258819045103 0.965925826289
0.203368321538 0.207911690818 0.978147600734
0.154508497187 0.15643446504 0.987688340595
0.103955845409 0.104528463268 0.994521895368
0.0522642316338 0.0523359562429 0.998629534755
6.12323399574e-17 6.12323399574e-17 1.0
-0.0522642316338 -0.0523359562429 0.998629534755
-0.103955845409 -0.104528463268 0.994521895368
-0.154508497187 -0.15643446504 0.987688340595
-0.203368321538 -0.207911690818 0.978147600734
-0.25 -0.258819045103 0.965925826289
-0.293892626146 -0.309016994375 0.951056516295
-0.334565303179 -0.358367949545 0.933580426497
-0.371572412739 -0.406736643076 0.913545457643
-0.404508497187 -0.45399049974 0.891006524188
-0.433012701892 -0.5 0.866025403784
-0.456772728821 -0.544639035015 0.838670567945
-0.475528258148 -0.587785252292 0.809016994375
-0.489073800367 -0.62932039105 0.777145961457
-0.497260947684 -0.669130606359 0.743144825477
-0.5 -0.707106781187 0.707106781187
-0.497260947684 -0.743144825477 0.669130606359
-0.489073800367 -0.777145961457 0.62932039105
-0.475528258148 -0.809016994375 0.587785252292
-0.456772728821 -0.838670567945 0.544639035015
-0.433012701892 -0.866025403784 0.5
-0.404508497187 -0.891006524188 0.45399049974
-0.371572412739 -0.913545457643 0.406736643076
-0.334565303179 -0.933580426497 0.358367949545
-0.293892626146 -0.951056516295 0.309016994375
-0.25 -0.965925826289 0.258819045103
-0.203368321538 -0.978147600734 0.207911690818
-0.154508497187 -0.987688340595 0.15643446504
-0.103955845409 -0.994521895368 0.104528463268
-0.0522642316338 -0.998629534755 0.0523359562429
-1.22464679915e-16 -1.0 1.22464679915e-16
0.0522642316338 -0.998629534755 -0.0523359562429
0.103955845409 -0.994521895368 -0.104528463268
0.154508497187 -0.987688340595 -0.15643446504
0.203368321538 -0.978147600734 -0.207911690818
0.25 -0.965925826289 -0.258819045103
0.293892626146 -0.951056516295 -0.309016994375
0.334565303179 -0.933580426497 -0.358367949545
0.371572412739 -0.913545457643 -0.406736643076
0.404508497187 -0.891006524188 -0.45399049974
0.433012701892 -0.866025403784 -0.5
0.456772728821 -0.838670567945 -0.544639035015
0.475528258148 -0.809016994375 -0.587785252292
0.489073800367 -0.777145961457 -0.62932039105
0.497260947684 -0.743144825477 -0.669130606359
0.5 -0.707106781187 -0.707106781187
0.497260947684 -0.669130606359 -0.743144825477
0.489073800367 -0.62932039105 -0.777145961457
0.475528258148 -0.587785252292 -0.809016994375
0.456772728821 -0.544639035015 -0.838670567945
0.433012701892 -0.5 -0.866025403784
0.404508497187 -0.45399049974 -0.891006524188
0.371572412739 -0.406736643076 -0.913545457643
0.334565303179 -0.358367949545 -0.933580426497
0.293892626146 -0.309016994375 -0.951056516295
0.25 -0.258819045103 -0.965925826289
0.203368321538 -0.207911690818 -0.978147600734
0.154508497187 -0.15643446504 -0.987688340595
0.103955845409 -0.104528463268 -0.994521895368
0.0522642316338 -0.0523359562429 -0.998629534755
1.83697019872e-16 -1.83697019872e-16 -1.0
-0.0522642316338 0.0523359562429 -0.998629534755
-0.103955845409 0.104528463268 -0.994521895368
-0.154508497187 0.15643446504 -0.987688340595
-0.203368321538 0.207911690818 -0.978147600734
-0.25 0.258819045103 -0.965925826289
-0.293892626146 0.309016994375 -0.951056516295
-0.334565303179 0.358367949545 -0.933580426497
-0.371572412739 0.406736643076 -0.913545457643
-0.404508497187 0.45399049974 -0.891006524188
-0.433012701892 0.5 -0.866025403784
-0.456772728821 0.544639035015 -0.838670567945
-0.475528258148 0.587785252292 -0.809016994375
-0.489073800367 0.62932039105 -0.777145961457
-0.497260947684 0.669130606359 -0.743144825477
-0.5 0.707106781187 -0.707106781187
-0.497260947684 0.743144825477 -0.669130606359
-0.489073800367 0.777145961457 -0.62932039105
-0.475528258148 0.809016994375 -0.587785252292
-0.456772728821 0.838670567945 -0.544639035015
-0.433012701892 0.866025403784 -0.5
-0.404508497187 0.891006524188 -0.45399049974
-0.371572412739 0.913545457643 -0.406736643076
-0.334565303179 0.933580426497 -0.358367949545
-0.293892626146 0.951056516295 -0.309016994375
-0.25 0.965925826289 -0.258819045103
-0.203368321538 0.978147600734 -0.207911690818
-0.154508497187 0.987688340595 -0.15643446504
-0.103955845409 0.994521895368 -0.104528463268
-0.0522642316338 0.998629534755 -0.0523359562429
