0.785398163397 0.785398163397 0.0
0.785398163397 0.733038285838 0.0
0.785398163397 0.680678408278 0.0
0.785398163397 0.628318530718 0.0
0.785398163397 0.575958653158 0.0
0.785398163397 0.523598775598 0.0
0.785398163397 0.471238898038 0.0
0.785398163397 0.418879020479 0.0
0.785398163397 0.366519142919 0.0
0.785398163397 0.314159265359 0.0
0.785398163397 0.261799387799 0.0
0.785398163397 0.209439510239 0.0
0.785398163397 0.157079632679 0.0
0.785398163397 0.10471975512 0.0
0.785398163397 0.0523598775598 0.0
0.785398163397 -3.70074341542e-17 0.0
0.785398163397 -0.0523598775598 0.0
0.785398163397 -0.10471975512 0.0
0.785398163397 -0.157079632679 0.0
0.785398163397 -0.209439510239 0.0
0.785398163397 -0.261799387799 0.0
0.785398163397 -0.314159265359 0.0
0.785398163397 -0.366519142919 0.0
0.785398163397 -0.418879020479 0.0
0.785398163397 -0.471238898038 0.0
0.785398163397 -0.523598775598 0.0
0.785398163397 -0.575958653158 0.0
0.785398163397 -0.628318530718 0.0
0.785398163397 -0.680678408278 0.0
0.785398163397 -0.733038285838 0.0
0.785398163397 -0.785398163397 0.0
0.733038285838 -0.785398163397 0.0
0.680678408278 -0.785398163397 0.0
0.628318530718 -0.785398163397 0.0
0.575958653158 -0.785398163397 0.0
0.523598775598 -0.785398163397 0.0
0.471238898038 -0.785398163397 0.0
0.418879020479 -0.785398163397 0.0
0.366519142919 -0.785398163397 0.0
0.314159265359 -0.785398163397 0.0
0.261799387799 -0.785398163397 0.0
0.209439510239 -0.785398163397 0.0
0.157079632679 -0.785398163397 0.0
0.10471975512 -0.785398163397 0.0
0.0523598775598 -0.785398163397 0.0
1.66533453694e-17 -0.785398163397 0.0
-0.0523598775598 -0.785398163397 0.0
-0.10471975512 -0.785398163397 0.0
-0.157079632679 -0.785398163397 0.0
-0.209439510239 -0.785398163397 0.0
-0.261799387799 -0.785398163397 0.0
-0.314159265359 -0.785398163397 0.0
-0.366519142919 -0.785398163397 0.0
-0.418879020479 -0.785398163397 0.0
-0.471238898038 -0.785398163397 0.0
-0.523598775598 -0.785398163397 0.0
-0.575958653158 -0.785398163397 0.0
-0.628318530718 -0.785398163397 0.0
-0.680678408278 -0.785398163397 0.0
-0.733038285838 -0.785398163397 0.0
-0.785398163397 -0.785398163397 0.0
-0.785398163397 -0.733038285838 0.0
-0.785398163397 -0.680678408278 0.0
-0.785398163397 -0.628318530718 0.0
-0.785398163397 -0.575958653158 0.0
-0.785398163397 -0.523598775598 0.0
-0.785398163397 -0.471238898038 0.0
-0.785398163397 -0.418879020479 0.0
-0.785398163397 -0.366519142919 0.0
-0.785398163397 -0.314159265359 0.0
-0.785398163397 -0.261799387799 0.0
-0.785398163397 -0.209439510239 0.0
-0.785398163397 -0.157079632679 0.0
-0.785398163397 -0.10471975512 0.0
-0.785398163397 -0.0523598775598 0.0
-0.785398163397 -3.70074341542e-17 0.0
-0.785398163397 0.0523598775598 0.0
-0.785398163397 0.10471975512 0.0
-0.785398163397 0.157079632679 0.0
-0.785398163397 0.209439510239 0.0
-0.785398163397 0.261799387799 0.0
-0.785398163397 0.314159265359 0.0
-0.785398163397 0.366519142919 0.0
-0.785398163397 0.418879020479 0.0
-0.785398163397 0.471238898038 0.0
-0.785398163397 0.523598775598 0.0
-0.785398163397 0.575958653158 0.0
-0.785398163397 0.628318530718 0.0
-0.785398163397 0.680678408278 0.0
-0.785398163397 0.733038285838 0.0
-0.785398163397 0.785398163397 0.0
-0.733038285838 0.785398163397 0.0
-0.680678408278 0.785398163397 0.0
-0.628318530718 0.785398163397 0.0
-0.575958653158 0.785398163397 0.0
-0.523598775598 0.785398163397 0.0
-0.471238898038 0.785398163397 0.0
-0.418879020479 0.785398163397 0.0
-0.366519142919 0.785398163397 0.0
-0.314159265359 0.785398163397 0.0
-0.261799387799 0.785398163397 0.0
-0.209439510239 0.785398163397 0.0
-0.157079632679 0.785398163397 0.0
-0.10471975512 0.785398163397 0.0
-0.0523598775598 0.785398163397 0.0
1.66533453694e-17 0.785398163397 0.0
0.0523598775598 0.785398163397 0.0
0.10471975512 0.785398163397 0.0
0.157079632679 0.785398163397 0.0
0.209439510239 0.785398163397 0.0
0.261799387799 0.785398163397 0.0
0.314159265359 0.785398163397 0.0
0.366519142919 0.785398163397 0.0
0.418879020479 0.785398163397 0.0
0.471238898038 0.785398163397 0.0
0.523598775598 0.785398163397 0.0
0.575958653158 0.785398163397 0.0
0.628318530718 0.785398163397 0.0
0.680678408278 0.785398163397 0.0
0.733038285838 0.785398163397 0.0
