-0.604599788078 1.0471975512 0.0
-0.604599788078 0.994837673637 0.0
-0.604599788078 0.942477796077 0.0
-0.604599788078 0.890117918517 0.0
-0.604599788078 0.837758040957 0.0
-0.604599788078 0.785398163397 0.0
-0.604599788078 0.733038285838 0.0
-0.604599788078 0.680678408278 0.0
-0.604599788078 0.628318530718 0.0
-0.604599788078 0.575958653158 0.0
-0.604599788078 0.523598775598 0.0
-0.604599788078 0.471238898038 0.0
-0.604599788078 0.418879020479 0.0
-0.604599788078 0.366519142919 0.0
-0.604599788078 0.314159265359 0.0
-0.604599788078 0.261799387799 0.0
-0.604599788078 0.209439510239 0.0
-0.604599788078 0.157079632679 0.0
-0.604599788078 0.10471975512 0.0
-0.604599788078 0.0523598775598 0.0
-0.604599788078 3.70074341542e-17 0.0
-0.604599788078 -0.0523598775598 0.0
-0.604599788078 -0.10471975512 0.0
-0.604599788078 -0.157079632679 0.0
-0.604599788078 -0.209439510239 0.0
-0.604599788078 -0.261799387799 0.0
-0.604599788078 -0.314159265359 0.0
-0.604599788078 -0.366519142919 0.0
-0.604599788078 -0.418879020479 0.0
-0.604599788078 -0.471238898038 0.0
-0.604599788078 -0.523598775598 0.0
-0.604599788078 -0.575958653158 0.0
-0.604599788078 -0.628318530718 0.0
-0.604599788078 -0.680678408278 0.0
-0.604599788078 -0.733038285838 0.0
-0.604599788078 -0.785398163397 0.0
-0.604599788078 -0.837758040957 0.0
-0.604599788078 -0.890117918517 0.0
-0.604599788078 -0.942477796077 0.0
-0.604599788078 -0.994837673637 0.0
-0.604599788078 -1.0471975512 0.0
-0.559254803972 -1.02101761242 0.0
-0.513909819866 -0.994837673637 0.0
-0.468564835761 -0.968657734857 0.0
-0.423219851655 -0.942477796077 0.0
-0.377874867549 -0.916297857297 0.0
-0.332529883443 -0.890117918517 0.0
-0.287184899337 -0.863937979737 0.0
-0.241839915231 -0.837758040957 0.0
-0.196494931125 -0.811578102177 0.0
-0.15114994702 -0.785398163397 0.0
-0.105804962914 -0.759218224618 0.0
-0.0604599788078 -0.733038285838 0.0
-0.015114994702 -0.706858347058 0.0
0.0302299894039 -0.680678408278 0.0
0.0755749735098 -0.654498469498 0.0
0.120919957616 -0.628318530718 0.0
0.166264941721 -0.602138591938 0.0
0.211609925827 -0.575958653158 0.0
0.256954909933 -0.549778714378 0.0
0.302299894039 -0.523598775598 0.0
0.347644878145 -0.497418836818 0.0
0.392989862251 -0.471238898038 0.0
0.438334846357 -0.445058959259 0.0
0.483679830462 -0.418879020479 0.0
0.529024814568 -0.392699081699 0.0
0.574369798674 -0.366519142919 0.0
0.61971478278 -0.340339204139 0.0
0.665059766886 -0.314159265359 0.0
0.710404750992 -0.287979326579 0.0
0.755749735098 -0.261799387799 0.0
0.801094719203 -0.235619449019 0.0
0.846439703309 -0.209439510239 0.0
0.891784687415 -0.183259571459 0.0
0.937129671521 -0.157079632679 0.0
0.982474655627 -0.1308996939 0.0
1.02781963973 -0.10471975512 0.0
1.07316462384 -0.0785398163397 0.0
1.11850960794 -0.0523598775598 0.0
1.16385459205 -0.0261799387799 0.0
1.20919957616 3.70074341542e-17 0.0
1.16385459205 0.0261799387799 0.0
1.11850960794 0.0523598775598 0.0
1.07316462384 0.0785398163397 0.0
1.02781963973 0.10471975512 0.0
0.982474655627 0.1308996939 0.0
0.937129671521 0.157079632679 0.0
0.891784687415 0.183259571459 0.0
0.846439703309 0.209439510239 0.0
0.801094719203 0.235619449019 0.0
0.755749735098 0.261799387799 0.0
0.710404750992 0.287979326579 0.0
0.665059766886 0.314159265359 0.0
0.61971478278 0.340339204139 0.0
0.574369798674 0.366519142919 0.0
0.529024814568 0.392699081699 0.0
0.483679830462 0.418879020479 0.0
0.438334846357 0.445058959259 0.0
0.392989862251 0.471238898038 0.0
0.347644878145 0.497418836818 0.0
0.302299894039 0.523598775598 0.0
0.256954909933 0.549778714378 0.0
0.211609925827 0.575958653158 0.0
0.166264941721 0.602138591938 0.0
0.120919957616 0.628318530718 0.0
0.0755749735098 0.654498469498 0.0
0.0302299894039 0.680678408278 0.0
-0.015114994702 0.706858347058 0.0
-0.0604599788078 0.733038285838 0.0
-0.105804962914 0.759218224618 0.0
-0.15114994702 0.785398163397 0.0
-0.196494931125 0.811578102177 0.0
-0.241839915231 0.837758040957 0.0
-0.287184899337 0.863937979737 0.0
-0.332529883443 0.890117918517 0.0
-0.377874867549 0.916297857297 0.0
-0.423219851655 0.942477796077 0.0
-0.468564835761 0.968657734857 0.0
-0.513909819866 0.994837673637 0.0
-0.559254803972 1.02101761242 0.0
